,Auburn(Maine),Warwick(Rhode Island),Utica(New York),Troy(New York),Baltimore(Maryland),Cumberland(Maryland),Paterson(New Jersey),Biddeford(Maine),Cambridge(Massachusetts),Washington(DC),York(Pennsylvania),Pittsburgh(Pennsylvania),Quincy(Massachusetts),Middletown(New Jersey),Hagerstown(Maryland),New Haven(Connecticut),Johnstown(Pennsylvania),New Rochelle(New York),Rockville(Maryland),Fall River(Massachusetts),New Bedford(Massachusetts),Reading(Pennsylvania),Annapolis(Maryland),Stamford(Connecticut),Virginia Beach(Virginia),Westbrook(Maine),Worcester(Massachusetts),Laconia(New Hampshire),Syracuse(New York),Silver Spring(Maryland),Burlington(Vermont),Buffalo(New York),Gaithersburg(Maryland),Lebanon(New Hampshire),Bangor(Maine),Portland(Maine),Boston(Massachusetts),Salisbury(Maryland),Winooski(Vermont),Hartford(Connecticut),Allentown(Pennsylvania),Brockton(Massachusetts),Montpelier(Vermont),Concord(New Hampshire),New York City(New York),Pittsfield(Massachusetts),Wilmington-D(Delaware),Portsmouth(New Hampshire),Chelsea(Massachusetts),Binghamton(New York),Yonkers(New York),Scranton(Pennsylvania),Woodbridge(New Jersey),Providence(Rhode Island),Augusta(Maine),Dover(Delaware),Manchester(New Hampshire),Rochester(New Hampshire),Columbia(Maryland),Keene(New Hampshire),Atlantic City(New Jersey),Seaford(Delaware),Rutland(Vermont),Lewiston(Maine),Newark(New Jersey),Philadelphia(Pennsylvania),Mount Vernon(New York),Harrisburg(Pennsylvania),Nashua(New Hampshire),Tonawanda(New York),Newport(Rhode Island),Jersey City(New Jersey),Springfield(Massachusetts),Erie(Pennsylvania),Bridgeport(Connecticut),Sanford(Maine),Trenton(New Jersey),Lancaster(Pennsylvania),Albany(New York),Hamilton(New Jersey)
Auburn(Maine),0.0,334.1,654.5,493.5,928.3,1122.0,614.0,80.0,233.5,993.6999999999999,903.0,1213.0,248.5,678.5,1013.0,468.2,1105.0,561.9,991.3,315.2,325.0,814.0,980.3,527.2,1000000000.0,54.0,300.2,187.5,735.5,981.3,442.5,969.5,999.3,277.5,170.5,54.0,233.2,986.8,437.5,405.2,758.0,269.9,373.5,189.5,597.0,448.2,809.3,139.0,225.0,725.5,574.6,791.0,643.3,316.5,57.5,891.3,213.0,174.1,962.1999999999999,276.5,806.5,950.3,358.5,3.5,626.0,758.3,567.0,891.0,242.0,965.5,349.9,609.5,372.5,1121.5,494.2,104.5,703.3,866.0,508.3,699.5
Warwick(Rhode Island),334.1,0.0,462.6,322.40000000000003,630.1,823.8,315.79999999999995,254.1,114.0,695.5,604.8,914.8,85.6,380.3,714.8,160.0,806.8,263.7,693.1,47.400000000000006,72.80000000000001,515.8,682.1,229.0,1000000000.0,290.3,82.6,266.6,543.6,683.1,476.6,775.6,701.1,311.6,494.1,292.20000000000005,106.6,688.6,471.6,137.6,459.8,86.6,407.6,224.6,298.8,242.6,511.1,195.1,109.1,533.6,276.4,492.79999999999995,345.1,17.6,381.20000000000005,593.1,198.39999999999998,230.2,664.0,247.6,508.3,652.1,381.6,336.1,327.8,460.1,268.8,592.8,165.6,773.6,50.0,311.3,165.6,927.6,195.2,242.9,405.1,567.8,307.6,401.3
Utica(New York),654.5,462.6,0.0,161.0,576.2,682.0,391.4,580.2,436.0,641.6,491.2,681.0,455.0,467.7,573.0,421.7,630.0,364.7,639.2,460.0,481.0,414.0,628.2,399.4,1000000000.0,605.0,380.0,467.0,89.0,629.2,409.0,323.0,647.2,377.0,813.0,606.0,435.0,683.5,409.0,358.7,377.0,462.0,405.0,474.0,386.2,220.0,506.0,529.2,443.2,160.0,352.0,255.0,432.5,445.0,693.0,588.0,492.0,526.0,610.1,441.0,555.0,647.0,296.0,651.0,415.2,455.0,359.7,451.0,463.0,319.0,494.7,398.7,312.0,475.0,438.9,550.0,471.0,468.0,155.0,485.3
Troy(New York),493.5,322.40000000000003,161.0,0.0,605.4,754.0,280.4,419.2,295.8,670.8,563.2,804.0,314.8,356.5,645.0,281.5,702.0,242.0,668.4,319.8,340.8,482.4,657.4,276.7,1000000000.0,444.0,239.8,306.0,242.0,658.4,248.0,476.0,676.4,216.0,652.0,445.0,294.8,663.9,248.0,218.5,426.4,321.8,244.0,313.0,275.0,79.8,486.4,388.0,303.0,232.0,241.0,327.0,321.3,304.8,532.0,568.4,331.0,365.0,639.3,300.8,484.5,627.4,135.0,490.0,304.0,435.4,245.0,523.0,322.8,472.0,354.5,287.5,171.8,628.0,307.5,389.0,380.4,534.4,14.8,377.5
Baltimore(Maryland),928.3,630.1,576.2,605.4,0.0,228.0,325.0,848.3,700.1,65.4,85.0,399.0,711.1,319.0,119.0,470.1,335.0,366.4,63.0,665.8,691.2,177.0,52.0,401.1,1000000000.0,884.5,628.1,812.1,535.2,53.0,853.4,736.2,71.0,797.8,1088.3,886.4,695.1,179.0,853.4,523.1,230.0,712.1,849.4,770.1,331.3,659.4,119.0,789.3,703.3,416.2,364.4,321.2,285.0,643.1,975.4,201.0,743.9,809.1,33.9,698.8,248.0,167.0,740.4,930.3,312.0,170.0,367.2,125.2,711.1,754.2,631.1,318.8,569.8,603.2,440.6,837.0999999999999,225.0,127.1,594.4,239.3
Cumberland(Maryland),1122.0,823.8,682.0,754.0,228.0,0.0,510.0,1042.0,893.8,218.4,271.2,171.0,904.8,547.0,109.0,663.8,107.0,560.1,187.0,859.5,884.9000000000001,333.0,255.0,594.8,1000000000.0,1078.2,821.8,1005.8,641.0,206.0,1002.0,529.0,179.0,970.0,1282.0,1080.1,888.8,383.0,1002.0,716.8,364.0,905.8,998.0,963.8,525.0,813.0,347.0,983.0,897.0,522.0,549.4,427.0,513.0,836.8,1169.1,429.0,937.6,1002.8,210.0,892.5,476.0,370.0,889.0,1124.0,496.0,398.0,557.0999999999999,231.0,904.8,548.7,824.8,512.5,763.5,377.0,634.3,1030.8,453.0,293.0,748.0,467.3
Paterson(New Jersey),614.0,315.79999999999995,391.4,280.4,325.0,510.0,0.0,534.0,385.79999999999995,390.4,291.0,601.0,396.79999999999995,83.0,401.0,155.8,493.0,52.099999999999994,388.0,351.49999999999994,376.9,202.0,377.0,86.80000000000001,1000000000.0,570.1999999999999,313.79999999999995,497.79999999999995,391.0,378.0,528.4,592.0,396.0,483.5,774.0,572.1,380.79999999999995,383.5,528.4,208.8,146.0,397.79999999999995,524.4,455.79999999999995,36.3,334.4,206.0,475.0,389.0,272.0,39.4,177.0,50.0,328.79999999999995,661.1,288.0,429.59999999999997,494.79999999999995,358.9,384.5,211.0,347.0,415.4,616.0,25.3,155.0,47.1,279.0,396.79999999999995,610.0,316.79999999999995,41.8,255.50000000000003,695.0,126.30000000000001,522.8000000000001,100.0,254.0,269.4,106.0
Biddeford(Maine),80.0,254.1,580.2,419.2,848.3,1042.0,534.0,0.0,153.5,913.6999999999999,823.0,1133.0,168.5,598.5,933.0,388.2,1025.0,481.9,911.3,235.2,245.0,734.0,900.3,447.2,1000000000.0,36.2,220.2,113.2,661.2,901.3,368.2,895.2,919.3,203.2,240.0,38.1,153.2,906.8,363.2,325.2,678.0,189.9,299.2,115.2,517.0,368.2,729.3,59.0,145.0,651.2,494.6,711.0,563.3,236.5,127.1,811.3,133.0,94.1,882.1999999999999,202.2,726.5,870.3,284.2,82.0,546.0,678.3,487.0,811.0,162.0,891.2,269.9,529.5,292.5,1047.2,414.2,30.2,623.3,786.0,433.2,619.5
Cambridge(Massachusetts),233.5,114.0,436.0,295.8,700.1,893.8,385.79999999999995,153.5,0.0,765.5,674.8,984.8,28.4,450.3,784.8,240.0,876.8,333.7,763.1,92.8,99.0,585.8,752.1,299.0,1000000000.0,189.7,72.0,168.0,517.0,753.1,378.0,749.0,771.1,213.0,393.5,191.6,10.8,758.6,373.0,177.0,529.8,50.0,309.0,126.0,368.8,216.0,581.1,94.5,8.5,507.0,346.4,562.8,415.1,96.4,280.6,663.1,99.8,129.6,734.0,149.0,578.3,722.1,294.0,235.5,397.8,530.1,338.8,662.8,67.0,747.0,127.5,381.3,139.0,901.0,266.0,142.3,475.1,637.8,281.0,471.3
Washington(DC),993.6999999999999,695.5,641.6,670.8,65.4,218.4,390.4,913.6999999999999,765.5,0.0,150.4,389.4,776.5,384.4,114.4,535.5,325.4,431.79999999999995,31.7,731.2,756.6,242.4,67.4,466.5,1000000000.0,949.9,693.5,877.5,600.6,12.4,918.8,747.4,43.3,863.1999999999999,1153.6999999999998,951.8,760.5,204.4,918.8,588.5,295.4,777.5,914.8,835.5,396.7,724.8,184.4,854.6999999999999,768.7,481.6,429.79999999999995,386.6,350.4,708.5,1040.8,242.4,809.3,874.5,51.3,764.2,313.4,182.4,805.8,995.6999999999999,377.4,235.4,432.59999999999997,190.6,776.5,767.0999999999999,696.5,384.2,635.2,595.4,506.0,902.4999999999999,290.4,192.5,659.8,304.7
York(Pennsylvania),903.0,604.8,491.2,563.2,85.0,271.2,291.0,823.0,674.8,150.4,0.0,356.0,685.8,313.0,162.2,444.8,250.0,341.1,148.0,640.5,665.9000000000001,92.0,137.0,375.8,1000000000.0,859.2,602.8,786.8,450.2,138.0,811.2,651.2,156.0,772.5,1063.0,861.1,669.8,264.0,811.2,497.8,145.0,686.8,807.2,744.8,306.0,622.2,204.0,764.0,678.0,331.2,330.4,236.2,279.0,617.8,950.1,286.0,718.6,783.8,118.9,673.5,264.0,252.0,698.2,905.0,277.0,164.0,338.09999999999997,40.2,685.8,669.2,605.8,293.5,544.5,518.2,415.3,811.8,219.0,42.1,557.2,233.3
Pittsburgh(Pennsylvania),1213.0,914.8,681.0,804.0,399.0,171.0,601.0,1133.0,984.8,389.4,356.0,0.0,995.8,640.0,280.0,754.8,108.0,651.1,358.0,950.5,975.9000000000001,418.0,426.0,685.8,1000000000.0,1169.2,912.8,1096.8,604.0,377.0,1052.0,358.0,350.0,1020.0,1373.0,1171.1,979.8,554.0,1052.0,807.8,455.0,996.8,1048.0,1054.8,616.0,863.0,518.0,1074.0,988.0,572.0,640.4,477.0,606.0,927.8,1260.1,600.0,1028.6,1093.8,381.0,983.5,591.0,541.0,939.0,1215.0,587.0,491.0,648.1,327.0,995.8,377.7,915.8,603.5,854.5,206.0,725.3,1121.8,546.0,383.0,798.0,560.3
Quincy(Massachusetts),248.5,85.6,455.0,314.8,711.1,904.8,396.79999999999995,168.5,28.4,776.5,685.8,995.8,0.0,461.3,795.8,245.6,887.8,344.7,774.1,70.0,80.0,596.8,763.1,310.0,1000000000.0,204.7,88.0,196.4,536.0,764.1,406.4,768.0,782.1,241.4,408.5,206.6,21.0,769.6,401.4,188.0,540.8,25.6,337.4,154.4,379.8,235.0,592.1,109.5,23.5,526.0,357.4,573.8,426.1,68.0,295.6,674.1,128.2,144.6,745.0,177.4,589.3,733.1,322.4,250.5,408.8,541.1,349.8,673.8,95.4,766.0,104.7,392.3,158.0,920.0,277.0,157.3,486.1,648.8,300.0,482.3
Middletown(New Jersey),678.5,380.3,467.7,356.5,319.0,547.0,83.0,598.5,450.3,384.4,313.0,640.0,461.3,0.0,438.0,220.3,533.0,116.6,382.0,416.0,441.40000000000003,244.0,371.0,151.3,1000000000.0,634.7,378.3,562.3,474.0,372.0,604.5,675.0,390.0,548.0,838.5,636.6,445.3,377.5,604.5,273.3,188.0,462.3,600.5,520.3,81.5,410.7,200.0,539.5,453.5,355.0,115.7,260.0,37.5,393.3,725.6,282.0,494.1,559.3,352.9,449.0,141.0,341.0,491.5,680.5,62.0,149.0,117.4,319.0,461.3,693.0,381.3,69.0,320.0,778.0,190.8,587.3,94.0,277.0,345.7,84.0
Hagerstown(Maryland),1013.0,714.8,573.0,645.0,119.0,109.0,401.0,933.0,784.8,114.4,162.2,280.0,795.8,438.0,0.0,554.8,216.0,451.1,84.0,750.5,775.9000000000001,224.0,152.0,485.8,1000000000.0,969.2,712.8,896.8,532.0,102.0,893.0,638.0,77.0,861.0,1173.0,971.1,779.8,280.0,893.0,607.8,255.0,796.8,889.0,854.8,416.0,704.0,238.0,874.0,788.0,413.0,440.4,318.0,404.0,727.8,1060.1,320.0,828.6,893.8,106.0,783.5,367.0,267.0,780.0,1015.0,387.0,289.0,448.09999999999997,122.0,795.8,657.7,715.8,403.5,654.5,486.0,525.3,921.8,344.0,184.0,639.0,358.3
New Haven(Connecticut),468.2,160.0,421.7,281.5,470.1,663.8,155.8,388.2,240.0,535.5,444.8,754.8,245.6,220.3,554.8,0.0,646.8,103.7,533.1,195.7,221.1,355.8,522.1,69.0,1000000000.0,424.4,168.0,352.0,502.7,523.1,438.7,714.7,541.1,337.7,628.2,426.29999999999995,235.0,528.6,438.7,63.0,299.8,246.6,433.7,310.0,138.8,201.7,351.1,329.2,243.2,394.7,116.4,332.8,185.10000000000002,177.6,515.3,433.1,283.8,349.0,504.0,238.7,348.3,492.1,325.7,470.2,167.8,300.1,108.80000000000001,432.8,251.0,732.7,161.0,151.3,109.7,820.7,35.2,377.0,245.10000000000002,407.8,266.7,241.3
Johnstown(Pennsylvania),1105.0,806.8,630.0,702.0,335.0,107.0,493.0,1025.0,876.8,325.4,250.0,108.0,887.8,533.0,216.0,646.8,0.0,543.1,294.0,842.5,867.9000000000001,316.0,362.0,577.8,1000000000.0,1061.2,804.8,988.8,589.0,313.0,950.0,435.0,286.0,918.0,1265.0,1063.1,871.8,490.0,950.0,699.8,347.0,888.8,946.0,946.8,508.0,761.0,435.0,966.0,880.0,470.0,532.4,375.0,499.0,819.8,1152.1,517.0,920.6,985.8,317.0,875.5,484.0,477.0,837.0,1107.0,479.0,384.0,540.1,221.0,887.8,454.7,807.8,495.5,746.5,283.0,617.3,1013.8,439.0,277.0,696.0,453.3
New Rochelle(New York),561.9,263.7,364.7,242.0,366.4,560.1,52.099999999999994,481.9,333.7,431.79999999999995,341.1,651.1,344.7,116.6,451.1,103.7,543.1,0.0,429.4,299.4,324.8,252.1,418.4,34.7,1000000000.0,518.0999999999999,261.7,445.7,410.0,419.4,490.0,611.0,437.4,431.4,721.9,520.0,328.7,424.9,490.0,156.7,196.1,345.7,486.0,403.7,35.1,295.4,247.4,422.9,336.9,291.0,12.7,229.1,81.4,276.7,609.0,329.4,377.5,442.7,400.29999999999995,332.4,244.6,388.4,377.0,563.9,64.1,196.4,5.1,329.1,344.7,629.0,264.7,47.6,203.39999999999998,717.0,74.2,470.7,141.4,304.1,242.7,137.6
Rockville(Maryland),991.3,693.1,639.2,668.4,63.0,187.0,388.0,911.3,763.1,31.7,148.0,358.0,774.1,382.0,84.0,533.1,294.0,429.4,0.0,728.8,754.2,240.0,72.0,464.1,1000000000.0,947.5,691.1,875.1,598.2,21.9,916.4,716.0,11.6,860.8,1151.3,949.4,758.1,209.0,916.4,586.1,293.0,775.1,912.4,833.1,394.3,722.4,182.0,852.3,766.3,479.2,427.4,384.2,348.0,706.1,1038.4,247.0,806.9,872.1,52.0,761.8,311.0,187.0,803.4,993.3,375.0,233.0,430.2,188.2,774.1,735.7,694.1,381.8,632.8,564.0,503.6,900.0999999999999,288.0,190.1,657.4,302.3
Fall River(Massachusetts),315.2,47.400000000000006,460.0,319.8,665.8,859.5,351.49999999999994,235.2,92.8,731.2,640.5,950.5,70.0,416.0,750.5,195.7,842.5,299.4,728.8,0.0,25.4,551.5,717.8,264.7,1000000000.0,271.4,91.0,260.8,541.0,718.8,470.8,773.0,736.8,305.8,475.2,273.3,82.0,724.3,465.8,149.8,495.5,51.0,401.8,218.8,334.5,240.0,546.8,176.2,90.2,531.0,312.09999999999997,528.5,380.8,29.8,362.3,628.8,192.60000000000002,211.3,699.7,241.8,544.0,687.8,376.0,317.2,363.5,495.8,304.5,628.5,159.8,771.0,34.7,347.0,160.0,925.0,230.89999999999998,224.0,440.8,603.5,305.0,437.0
New Bedford(Massachusetts),325.0,72.80000000000001,481.0,340.8,691.2,884.9000000000001,376.9,245.0,99.0,756.6,665.9000000000001,975.9000000000001,80.0,441.40000000000003,775.9000000000001,221.1,867.9000000000001,324.8,754.2,25.4,0.0,576.9000000000001,743.2,290.1,1000000000.0,281.2,114.0,267.0,562.0,744.2,477.0,794.0,762.2,312.0,485.0,283.1,93.0,749.7,472.0,175.2,520.9000000000001,60.0,408.0,225.0,359.90000000000003,261.0,572.2,186.0,100.0,552.0,337.5,553.9,406.20000000000005,55.2,372.1,654.2,198.8,221.1,725.1,248.0,569.4000000000001,713.2,393.0,327.0,388.90000000000003,521.2,329.90000000000003,653.9000000000001,166.0,792.0,60.1,372.40000000000003,182.0,946.0,256.3,233.8,466.20000000000005,628.9000000000001,326.0,462.40000000000003
Reading(Pennsylvania),814.0,515.8,414.0,482.4,177.0,333.0,202.0,734.0,585.8,242.4,92.0,418.0,596.8,244.0,224.0,355.8,316.0,252.1,240.0,551.5,576.9000000000001,0.0,229.0,286.8,1000000000.0,770.2,513.8,697.8,373.0,230.0,730.4,574.0,248.0,683.5,974.0,772.1,580.8,330.5,730.4,408.8,56.0,597.8,726.4,655.8,217.0,536.4,153.0,675.0,589.0,254.0,241.4,159.0,210.0,528.8,861.1,235.0,629.6,694.8,210.9,584.5,202.0,294.0,617.4,816.0,188.0,102.0,249.1,102.0,596.8,592.0,516.8,204.5,455.5,575.0,326.3,722.8,150.0,55.0,471.4,164.3
Annapolis(Maryland),980.3,682.1,628.2,657.4,52.0,255.0,377.0,900.3,752.1,67.4,137.0,426.0,763.1,371.0,152.0,522.1,362.0,418.4,72.0,717.8,743.2,229.0,0.0,453.1,1000000000.0,936.5,680.1,864.1,587.2,55.0,905.4,784.0,81.0,849.8,1140.3,938.4,747.1,143.0,905.4,575.1,282.0,764.1,901.4,822.1,383.3,711.4,171.0,841.3,755.3,468.2,416.4,373.2,337.0,695.1,1027.4,175.0,795.9,861.1,52.0,750.8,300.0,115.0,792.4,982.3,364.0,222.0,419.2,177.2,763.1,803.7,683.1,370.8,621.8,632.0,492.6,889.0999999999999,277.0,179.1,646.4,291.3
Stamford(Connecticut),527.2,229.0,399.4,276.7,401.1,594.8,86.80000000000001,447.2,299.0,466.5,375.8,685.8,310.0,151.3,485.8,69.0,577.8,34.7,464.1,264.7,290.1,286.8,453.1,0.0,1000000000.0,483.4,227.0,411.0,444.7,454.1,497.7,645.7,472.1,396.7,687.2,485.29999999999995,294.0,459.6,497.7,122.0,230.8,311.0,492.7,369.0,69.80000000000001,260.7,282.1,388.2,302.2,325.7,47.400000000000006,263.8,116.10000000000001,242.0,574.3,364.1,342.8,408.0,435.0,297.7,279.3,423.1,384.7,529.2,98.80000000000001,231.10000000000002,39.800000000000004,363.8,310.0,663.7,230.0,82.30000000000001,168.7,751.7,39.5,436.0,176.10000000000002,338.8,277.4,172.3
Virginia Beach(Virginia),1000000000.0,1000000000.0,1000000000.0,1000000000.0,1000000000.0,1000000000.0,1000000000.0,1000000000.0,1000000000.0,1000000000.0,1000000000.0,1000000000.0,1000000000.0,1000000000.0,1000000000.0,1000000000.0,1000000000.0,1000000000.0,1000000000.0,1000000000.0,1000000000.0,1000000000.0,1000000000.0,1000000000.0,0.0,1000000000.0,1000000000.0,1000000000.0,1000000000.0,1000000000.0,1000000000.0,1000000000.0,1000000000.0,1000000000.0,1000000000.0,1000000000.0,1000000000.0,1000000000.0,1000000000.0,1000000000.0,1000000000.0,1000000000.0,1000000000.0,1000000000.0,1000000000.0,1000000000.0,1000000000.0,1000000000.0,1000000000.0,1000000000.0,1000000000.0,1000000000.0,1000000000.0,1000000000.0,1000000000.0,1000000000.0,1000000000.0,1000000000.0,1000000000.0,1000000000.0,1000000000.0,1000000000.0,1000000000.0,1000000000.0,1000000000.0,1000000000.0,1000000000.0,1000000000.0,1000000000.0,1000000000.0,1000000000.0,1000000000.0,1000000000.0,1000000000.0,1000000000.0,1000000000.0,1000000000.0,1000000000.0,1000000000.0,1000000000.0
Westbrook(Maine),54.0,290.3,605.0,444.0,884.5,1078.2,570.1999999999999,36.2,189.7,949.9,859.2,1169.2,204.7,634.7,969.2,424.4,1061.2,518.0999999999999,947.5,271.4,281.2,770.2,936.5,483.4,1000000000.0,0.0,256.4,138.0,686.0,937.5,393.0,920.0,955.5,228.0,214.0,12.1,189.39999999999998,943.0,388.0,361.4,714.2,226.1,324.0,140.0,553.2,404.4,765.5,95.2,181.2,676.0,530.8,747.1999999999999,599.5,272.7,98.0,847.5,167.5,130.3,918.4,227.0,762.7,906.5,309.0,55.0,582.2,714.5,523.2,847.2,198.2,916.0,306.1,565.7,328.7,1072.0,450.4,55.0,659.5,822.2,458.8,655.7
Worcester(Massachusetts),300.2,82.6,380.0,239.8,628.1,821.8,313.79999999999995,220.2,72.0,693.5,602.8,912.8,88.0,378.3,712.8,168.0,804.8,261.7,691.1,91.0,114.0,513.8,680.1,227.0,1000000000.0,256.4,0.0,184.0,461.0,681.1,394.0,693.0,699.1,229.0,460.2,258.3,67.0,686.6,389.0,105.0,457.8,99.0,325.0,142.0,296.8,160.0,509.1,161.2,75.2,451.0,274.4,490.79999999999995,343.1,65.0,347.3,591.1,115.8,181.0,662.0,165.0,506.3,650.1,299.0,302.2,325.8,458.1,266.8,590.8,83.0,691.0,125.7,309.3,83.0,845.0,194.0,209.0,403.1,565.8,225.0,399.3
Laconia(New Hampshire),187.5,266.6,467.0,306.0,812.1,1005.8,497.79999999999995,113.2,168.0,877.5,786.8,1096.8,196.4,562.3,896.8,352.0,988.8,445.7,875.1,260.8,267.0,697.8,864.1,411.0,1000000000.0,138.0,184.0,0.0,548.0,865.1,255.0,782.0,883.1,90.0,346.0,139.0,178.8,870.6,250.0,289.0,641.8,218.0,186.0,43.7,480.8,314.0,693.1,92.0,174.0,538.0,458.4,633.0,527.1,249.0,226.0,775.1,71.0,59.0,846.0,129.0,690.3,834.1,171.0,184.0,509.8,642.1,450.8,774.8,101.0,778.0,295.5,493.3,258.0,934.0,378.0,83.0,587.1,749.8,320.8,583.3
Syracuse(New York),735.5,543.6,89.0,242.0,535.2,641.0,391.0,661.2,517.0,600.6,450.2,604.0,536.0,474.0,532.0,502.7,589.0,410.0,598.2,541.0,562.0,373.0,587.2,444.7,1000000000.0,686.0,461.0,548.0,0.0,588.2,490.0,246.0,606.2,458.0,894.0,687.0,516.0,642.5,490.0,439.7,336.0,543.0,486.0,555.0,421.0,301.0,465.0,610.2,524.2,119.0,398.0,214.0,441.0,526.0,774.0,547.0,573.0,607.0,569.1,522.0,514.0,606.0,377.0,732.0,416.3,414.0,405.7,410.0,544.0,242.0,575.7,432.8,393.0,398.0,484.2,631.0,430.0,427.0,236.0,444.3
Silver Spring(Maryland),981.3,683.1,629.2,658.4,53.0,206.0,378.0,901.3,753.1,12.4,138.0,377.0,764.1,372.0,102.0,523.1,313.0,419.4,21.9,718.8,744.2,230.0,55.0,454.1,1000000000.0,937.5,681.1,865.1,588.2,0.0,906.4,735.0,33.5,850.8,1141.3,939.4,748.1,192.0,906.4,576.1,283.0,765.1,902.4,823.1,384.3,712.4,172.0,842.3,756.3,469.2,417.4,374.2,338.0,696.1,1028.4,230.0,796.9,862.1,38.9,751.8,301.0,170.0,793.4,983.3,365.0,223.0,420.2,178.2,764.1,754.7,684.1,371.8,622.8,583.0,493.6,890.0999999999999,278.0,180.1,647.4,292.3
Burlington(Vermont),442.5,476.6,409.0,248.0,853.4,1002.0,528.4,368.2,378.0,918.8,811.2,1052.0,406.4,604.5,893.0,438.7,950.0,490.0,916.4,470.8,477.0,730.4,905.4,497.7,1000000000.0,393.0,394.0,255.0,490.0,906.4,0.0,724.0,924.4,165.0,601.0,394.0,388.8,911.9,5.1,375.7,674.4,428.0,69.0,262.0,523.0,256.0,734.4,337.0,384.0,480.0,489.0,575.0,569.3,459.0,481.0,816.4,280.0,314.0,887.3,264.0,732.5,875.4,113.0,439.0,552.0,683.4,493.0,771.0,311.0,720.0,505.5,535.5,329.0,876.0,464.7,338.0,628.4,782.4,262.8,625.5
Buffalo(New York),969.5,775.6,323.0,476.0,736.2,529.0,592.0,895.2,749.0,747.4,651.2,358.0,768.0,675.0,638.0,714.7,435.0,611.0,716.0,773.0,794.0,574.0,784.0,645.7,1000000000.0,920.0,693.0,782.0,246.0,735.0,724.0,0.0,708.0,692.0,1128.0,921.0,748.0,843.5,724.0,671.7,537.0,775.0,720.0,789.0,626.0,533.0,666.0,842.2,756.2,320.0,603.0,415.0,642.0,758.0,1008.0,748.0,807.0,841.0,739.0,754.0,715.0,807.0,611.0,966.0,617.3,615.0,608.0,611.0,776.0,19.7,807.7,633.8,625.0,152.0,685.2,865.0,631.0,628.0,468.0,645.3
Gaithersburg(Maryland),999.3,701.1,647.2,676.4,71.0,179.0,396.0,919.3,771.1,43.3,156.0,350.0,782.1,390.0,77.0,541.1,286.0,437.4,11.6,736.8,762.2,248.0,81.0,472.1,1000000000.0,955.5,699.1,883.1,606.2,33.5,924.4,708.0,0.0,868.8,1159.3,957.4,766.1,218.0,924.4,594.1,301.0,783.1,920.4,841.1,402.3,730.4,190.0,860.3,774.3,487.2,435.4,392.2,356.0,714.1,1046.4,256.0,814.9,880.1,48.0,769.8,319.0,196.0,811.4,1001.3,383.0,241.0,438.2,196.2,782.1,727.7,702.1,389.8,640.8,556.0,511.6,908.0999999999999,296.0,198.1,665.4,310.3
Lebanon(New Hampshire),277.5,311.6,377.0,216.0,797.8,970.0,483.5,203.2,213.0,863.1999999999999,772.5,1020.0,241.4,548.0,861.0,337.7,918.0,431.4,860.8,305.8,312.0,683.5,849.8,396.7,1000000000.0,228.0,229.0,90.0,458.0,850.8,165.0,692.0,868.8,0.0,436.0,229.0,223.8,856.3,160.0,274.7,627.5,263.0,96.0,97.0,466.5,224.0,678.8,172.0,219.0,448.0,444.1,543.0,512.8,294.0,316.0,760.8,115.0,149.0,831.6999999999999,99.0,676.0,819.8,81.0,274.0,495.5,627.8,436.5,739.0,146.0,688.0,340.5,479.0,228.0,844.0,363.7,173.0,572.8,735.5,230.8,569.0
Bangor(Maine),170.5,494.1,813.0,652.0,1088.3,1282.0,774.0,240.0,393.5,1153.6999999999998,1063.0,1373.0,408.5,838.5,1173.0,628.2,1265.0,721.9,1151.3,475.2,485.0,974.0,1140.3,687.2,1000000000.0,214.0,460.2,346.0,894.0,1141.3,601.0,1128.0,1159.3,436.0,0.0,208.0,393.2,1146.8,596.0,565.2,918.0,429.9,532.0,348.0,757.0,608.2,969.3,299.0,385.0,884.0,734.6,951.0,803.3,476.5,123.0,1051.3,373.0,334.1,1122.1999999999998,435.0,966.5,1110.3,517.0,167.0,786.0,918.3,727.0,1051.0,402.0,1124.0,509.9,769.5,532.5,1280.0,654.2,263.0,863.3,1026.0,666.8,859.5
Portland(Maine),54.0,292.20000000000005,606.0,445.0,886.4,1080.1,572.1,38.1,191.6,951.8,861.1,1171.1,206.6,636.6,971.1,426.29999999999995,1063.1,520.0,949.4,273.3,283.1,772.1,938.4,485.29999999999995,1000000000.0,12.1,258.3,139.0,687.0,939.4,394.0,921.0,957.4,229.0,208.0,0.0,191.29999999999998,944.9,389.0,363.29999999999995,716.1,228.0,325.0,141.0,555.1,406.29999999999995,767.4,97.1,183.1,677.0,532.7,749.1,601.4,274.6,89.0,849.4,168.5,132.2,920.3,228.0,764.6,908.4,310.0,57.5,584.1,716.4,525.1,849.1,200.0,917.0,308.0,567.6,330.6,1073.0,452.29999999999995,56.0,661.4,824.1,459.8,657.6
Boston(Massachusetts),233.2,106.6,435.0,294.8,695.1,888.8,380.79999999999995,153.2,10.8,760.5,669.8,979.8,21.0,445.3,779.8,235.0,871.8,328.7,758.1,82.0,93.0,580.8,747.1,294.0,1000000000.0,189.39999999999998,67.0,178.8,516.0,748.1,388.8,748.0,766.1,223.8,393.2,191.29999999999998,0.0,753.6,383.8,172.0,524.8,39.2,319.8,136.8,363.8,215.0,576.1,94.2,8.2,506.0,341.4,557.8,410.1,89.0,280.3,658.1,110.6,129.29999999999998,729.0,159.8,573.3,717.1,304.8,235.2,392.8,525.1,333.8,657.8,77.8,746.0,116.7,376.3,142.0,900.0,261.0,142.0,470.1,632.8,280.0,466.3
Salisbury(Maryland),986.8,688.6,683.5,663.9,179.0,383.0,383.5,906.8,758.6,204.4,264.0,554.0,769.6,377.5,280.0,528.6,490.0,424.9,209.0,724.3,749.7,330.5,143.0,459.6,1000000000.0,943.0,686.6,870.6,642.5,192.0,911.9,843.5,218.0,856.3,1146.8,944.9,753.6,0.0,911.9,581.6,328.5,770.6,907.9,828.6,389.8,717.9,177.5,847.8,761.8,523.5,422.9,428.5,343.5,701.6,1033.9,96.5,802.4,867.6,189.0,757.3,306.5,36.5,798.9,988.8,370.5,228.5,425.7,304.2,769.6,861.5,689.6,377.3,628.3,760.0,499.1,895.5999999999999,283.5,306.1,652.9,297.8
Winooski(Vermont),437.5,471.6,409.0,248.0,853.4,1002.0,528.4,363.2,373.0,918.8,811.2,1052.0,401.4,604.5,893.0,438.7,950.0,490.0,916.4,465.8,472.0,730.4,905.4,497.7,1000000000.0,388.0,389.0,250.0,490.0,906.4,5.1,724.0,924.4,160.0,596.0,389.0,383.8,911.9,0.0,375.7,674.4,423.0,64.0,257.0,523.0,256.0,734.4,332.0,379.0,480.0,489.0,575.0,569.3,454.0,476.0,816.4,275.0,309.0,887.3,259.0,732.5,875.4,113.0,434.0,552.0,683.4,493.0,771.0,306.0,720.0,500.5,535.5,329.0,876.0,464.7,333.0,628.4,782.4,262.8,625.5
Hartford(Connecticut),405.2,137.6,358.7,218.5,523.1,716.8,208.8,325.2,177.0,588.5,497.8,807.8,188.0,273.3,607.8,63.0,699.8,156.7,586.1,149.8,175.2,408.8,575.1,122.0,1000000000.0,361.4,105.0,289.0,439.7,576.1,375.7,671.7,594.1,274.7,565.2,363.29999999999995,172.0,581.6,375.7,0.0,352.8,189.0,370.7,247.0,191.8,138.7,404.1,266.2,180.2,429.7,169.4,385.8,238.10000000000002,120.0,452.3,486.1,220.8,286.0,557.0,175.7,401.3,545.1,262.7,407.2,220.8,353.1,161.8,485.8,188.0,669.7,181.0,204.3,46.7,823.7,89.0,314.0,298.1,460.8,203.7,294.3
Allentown(Pennsylvania),758.0,459.8,377.0,426.4,230.0,364.0,146.0,678.0,529.8,295.4,145.0,455.0,540.8,188.0,255.0,299.8,347.0,196.1,293.0,495.5,520.9000000000001,56.0,282.0,230.8,1000000000.0,714.2,457.8,641.8,336.0,283.0,674.4,537.0,301.0,627.5,918.0,716.1,524.8,328.5,674.4,352.8,0.0,541.8,670.4,599.8,161.0,480.4,151.0,619.0,533.0,217.0,185.4,122.0,154.0,472.8,805.1,233.0,573.6,638.8,263.9,528.5,200.0,292.0,561.4,760.0,132.0,100.0,193.1,133.0,540.8,555.0,460.8,148.5,399.5,598.0,270.3,666.8,94.0,108.0,415.4,108.3
Brockton(Massachusetts),269.9,86.6,462.0,321.8,712.1,905.8,397.79999999999995,189.9,50.0,777.5,686.8,996.8,25.6,462.3,796.8,246.6,888.8,345.7,775.1,51.0,60.0,597.8,764.1,311.0,1000000000.0,226.1,99.0,218.0,543.0,765.1,428.0,775.0,783.1,263.0,429.9,228.0,39.2,770.6,423.0,189.0,541.8,0.0,359.0,176.0,380.8,242.0,593.1,130.9,44.9,533.0,358.4,574.8,427.1,69.0,317.0,675.1,149.8,166.0,746.0,199.0,590.3,734.1,344.0,271.9,409.8,542.1,350.8,674.8,117.0,773.0,85.7,393.3,166.0,927.0,278.0,178.70000000000002,487.1,649.8,307.0,483.3
Montpelier(Vermont),373.5,407.6,405.0,244.0,849.4,998.0,524.4,299.2,309.0,914.8,807.2,1048.0,337.4,600.5,889.0,433.7,946.0,486.0,912.4,401.8,408.0,726.4,901.4,492.7,1000000000.0,324.0,325.0,186.0,486.0,902.4,69.0,720.0,920.4,96.0,532.0,325.0,319.8,907.9,64.0,370.7,670.4,359.0,0.0,193.0,519.0,252.0,730.4,268.0,315.0,476.0,485.0,571.0,565.3,390.0,412.0,812.4,211.0,245.0,883.3,195.0,728.5,871.4,109.0,370.0,548.0,679.4,489.0,767.0,242.0,716.0,436.5,531.5,324.0,872.0,459.7,269.0,624.4,778.4,258.8,621.5
Concord(New Hampshire),189.5,224.6,474.0,313.0,770.1,963.8,455.79999999999995,115.2,126.0,835.5,744.8,1054.8,154.4,520.3,854.8,310.0,946.8,403.7,833.1,218.8,225.0,655.8,822.1,369.0,1000000000.0,140.0,142.0,43.7,555.0,823.1,262.0,789.0,841.1,97.0,348.0,141.0,136.8,828.6,257.0,247.0,599.8,176.0,193.0,0.0,438.8,302.0,651.1,75.0,132.0,545.0,416.4,632.8,485.1,207.0,228.0,733.1,27.5,57.0,804.0,87.0,648.3,792.1,178.0,186.0,467.8,600.1,408.8,732.8,59.0,785.0,253.5,451.3,216.0,941.0,336.0,85.0,545.1,707.8,327.8,541.3
New York City(New York),597.0,298.8,386.2,275.0,331.3,525.0,36.3,517.0,368.8,396.7,306.0,616.0,379.8,81.5,416.0,138.8,508.0,35.1,394.3,334.5,359.90000000000003,217.0,383.3,69.80000000000001,1000000000.0,553.2,296.8,480.8,421.0,384.3,523.0,626.0,402.3,466.5,757.0,555.1,363.8,389.8,523.0,191.8,161.0,380.8,519.0,438.8,0.0,329.2,212.3,458.0,372.0,306.0,34.2,213.3,46.3,311.8,644.1,294.3,412.6,477.8,365.2,367.5,209.5,353.3,410.0,599.0,29.0,161.3,35.9,294.0,379.8,644.0,299.8,12.5,238.5,731.3,109.30000000000001,505.8,106.3,269.0,264.2,102.5
Pittsfield(Massachusetts),448.2,242.6,220.0,79.8,659.4,813.0,334.4,368.2,216.0,724.8,622.2,863.0,235.0,410.7,704.0,201.7,761.0,295.4,722.4,240.0,261.0,536.4,711.4,260.7,1000000000.0,404.4,160.0,314.0,301.0,712.4,256.0,533.0,730.4,224.0,608.2,406.29999999999995,215.0,717.9,256.0,138.7,480.4,242.0,252.0,302.0,329.2,0.0,540.4,309.2,223.2,291.0,295.0,386.0,375.5,225.0,495.3,622.4,275.8,341.0,693.3,221.0,538.7,681.4,143.0,450.2,358.2,489.4,300.5,582.0,243.0,531.0,274.7,341.7,92.0,685.0,227.7,357.0,434.4,588.4,65.0,431.7
Wilmington-D(Delaware),809.3,511.1,506.0,486.4,119.0,347.0,206.0,729.3,581.1,184.4,204.0,518.0,592.1,200.0,238.0,351.1,435.0,247.4,182.0,546.8,572.2,153.0,171.0,282.1,1000000000.0,765.5,509.1,693.1,465.0,172.0,734.4,666.0,190.0,678.8,969.3,767.4,576.1,177.5,734.4,404.1,151.0,593.1,730.4,651.1,212.3,540.4,0.0,670.3,584.3,346.0,245.4,251.0,166.0,524.1,856.4,82.0,624.9,690.1,152.9,579.8,129.0,141.0,621.4,811.3,193.0,51.0,248.2,221.0,592.1,684.0,512.1,199.8,450.8,696.0,321.6,718.0999999999999,106.0,179.0,475.4,120.3
Portsmouth(New Hampshire),139.0,195.1,529.2,388.0,789.3,983.0,475.0,59.0,94.5,854.6999999999999,764.0,1074.0,109.5,539.5,874.0,329.2,966.0,422.9,852.3,176.2,186.0,675.0,841.3,388.2,1000000000.0,95.2,161.2,92.0,610.2,842.3,337.0,842.2,860.3,172.0,299.0,97.1,94.2,847.8,332.0,266.2,619.0,130.9,268.0,75.0,458.0,309.2,670.3,0.0,86.0,600.2,435.6,652.0,504.3,177.5,186.1,752.3,74.0,35.1,823.1999999999999,162.0,667.5,811.3,253.0,141.0,487.0,619.3,428.0,752.0,103.0,840.2,210.9,470.5,233.5,994.2,355.2,47.8,564.3,727.0,374.2,560.5
Chelsea(Massachusetts),225.0,109.1,443.2,303.0,703.3,897.0,389.0,145.0,8.5,768.7,678.0,988.0,23.5,453.5,788.0,243.2,880.0,336.9,766.3,90.2,100.0,589.0,755.3,302.2,1000000000.0,181.2,75.2,174.0,524.2,756.3,384.0,756.2,774.3,219.0,385.0,183.1,8.2,761.8,379.0,180.2,533.0,44.9,315.0,132.0,372.0,223.2,584.3,86.0,0.0,514.2,349.6,566.0,418.3,91.5,272.1,666.3,105.8,121.1,737.2,155.0,581.5,725.3,300.0,227.0,401.0,533.3,342.0,666.0,73.0,754.2,124.9,384.5,147.5,908.2,269.2,133.8,478.3,641.0,288.2,474.5
Binghamton(New York),725.5,533.6,160.0,232.0,416.2,522.0,272.0,651.2,507.0,481.6,331.2,572.0,526.0,355.0,413.0,394.7,470.0,291.0,479.2,531.0,552.0,254.0,468.2,325.7,1000000000.0,676.0,451.0,538.0,119.0,469.2,480.0,320.0,487.2,448.0,884.0,677.0,506.0,523.5,480.0,429.7,217.0,533.0,476.0,545.0,306.0,291.0,346.0,600.2,514.2,0.0,283.0,95.0,322.0,516.0,764.0,428.0,563.0,597.0,450.1,512.0,395.0,487.0,367.0,722.0,297.3,295.0,288.0,291.0,534.0,338.0,555.7,313.8,383.0,426.0,365.2,621.0,311.0,308.0,226.0,325.3
Yonkers(New York),574.6,276.4,352.0,241.0,364.4,549.4,39.4,494.6,346.4,429.79999999999995,330.4,640.4,357.4,115.7,440.4,116.4,532.4,12.7,427.4,312.09999999999997,337.5,241.4,416.4,47.400000000000006,1000000000.0,530.8,274.4,458.4,398.0,417.4,489.0,603.0,435.4,444.1,734.6,532.7,341.4,422.9,489.0,169.4,185.4,358.4,485.0,416.4,34.2,295.0,245.4,435.6,349.6,283.0,0.0,216.4,80.5,289.4,621.7,327.4,390.2,455.4,398.29999999999995,345.1,243.7,386.4,376.0,576.6,63.2,194.4,7.7,318.4,357.4,621.0,277.4,46.7,216.10000000000002,709.0,86.9,483.40000000000003,139.4,293.4,230.0,136.7
Scranton(Pennsylvania),791.0,492.79999999999995,255.0,327.0,321.2,427.0,177.0,711.0,562.8,386.6,236.2,477.0,573.8,260.0,318.0,332.8,375.0,229.1,384.2,528.5,553.9,159.0,373.2,263.8,1000000000.0,747.1999999999999,490.79999999999995,633.0,214.0,374.2,575.0,415.0,392.2,543.0,951.0,749.1,557.8,428.5,575.0,385.8,122.0,574.8,571.0,632.8,213.3,386.0,251.0,652.0,566.0,95.0,216.4,0.0,227.0,505.79999999999995,838.1,333.0,606.5999999999999,671.8,355.1,561.5,300.0,392.0,462.0,793.0,202.3,200.0,224.1,196.0,573.8,433.0,493.79999999999995,218.8,432.5,518.0,303.3,699.8000000000001,216.0,213.0,321.0,230.3
Woodbridge(New Jersey),643.3,345.1,432.5,321.3,285.0,513.0,50.0,563.3,415.1,350.4,279.0,606.0,426.1,37.5,404.0,185.10000000000002,499.0,81.4,348.0,380.8,406.20000000000005,210.0,337.0,116.10000000000001,1000000000.0,599.5,343.1,527.1,441.0,338.0,569.3,642.0,356.0,512.8,803.3,601.4,410.1,343.5,569.3,238.10000000000002,154.0,427.1,565.3,485.1,46.3,375.5,166.0,504.3,418.3,322.0,80.5,227.0,0.0,358.1,690.4,248.0,458.90000000000003,524.1,318.9,413.8,165.0,307.0,456.3,645.3,27.0,115.0,82.19999999999999,285.0,426.1,660.0,346.1,33.8,284.8,745.0,155.60000000000002,552.0999999999999,60.0,243.0,310.5,60.0
Providence(Rhode Island),316.5,17.6,445.0,304.8,643.1,836.8,328.79999999999995,236.5,96.4,708.5,617.8,927.8,68.0,393.3,727.8,177.6,819.8,276.7,706.1,29.8,55.2,528.8,695.1,242.0,1000000000.0,272.7,65.0,249.0,526.0,696.1,459.0,758.0,714.1,294.0,476.5,274.6,89.0,701.6,454.0,120.0,472.8,69.0,390.0,207.0,311.8,225.0,524.1,177.5,91.5,516.0,289.4,505.79999999999995,358.1,0.0,363.6,606.1,180.8,212.6,677.0,230.0,521.3,665.1,364.0,318.5,340.8,473.1,281.8,605.8,148.0,756.0,61.0,324.3,148.0,910.0,209.0,225.3,418.1,580.8,290.0,414.3
Augusta(Maine),57.5,381.20000000000005,693.0,532.0,975.4,1169.1,661.1,127.1,280.6,1040.8,950.1,1260.1,295.6,725.6,1060.1,515.3,1152.1,609.0,1038.4,362.3,372.1,861.1,1027.4,574.3,1000000000.0,98.0,347.3,226.0,774.0,1028.4,481.0,1008.0,1046.4,316.0,123.0,89.0,280.3,1033.9,476.0,452.3,805.1,317.0,412.0,228.0,644.1,495.3,856.4,186.1,272.1,764.0,621.7,838.1,690.4,363.6,0.0,938.4,255.5,221.2,1009.3,315.0,853.6,997.4,397.0,54.0,673.1,805.4,614.1,938.1,287.0,1004.0,397.0,656.6,419.6,1160.0,541.3,143.0,750.4,913.1,546.8,746.6
Dover(Delaware),891.3,593.1,588.0,568.4,201.0,429.0,288.0,811.3,663.1,242.4,286.0,600.0,674.1,282.0,320.0,433.1,517.0,329.4,247.0,628.8,654.2,235.0,175.0,364.1,1000000000.0,847.5,591.1,775.1,547.0,230.0,816.4,748.0,256.0,760.8,1051.3,849.4,658.1,96.5,816.4,486.1,233.0,675.1,812.4,733.1,294.3,622.4,82.0,752.3,666.3,428.0,327.4,333.0,248.0,606.1,938.4,0.0,706.9,772.1,227.0,661.8,211.0,60.0,703.4,893.3,275.0,133.0,330.2,303.0,674.1,766.0,594.1,281.8,532.8,778.0,403.6,800.0999999999999,188.0,261.0,557.4,202.3
Manchester(New Hampshire),213.0,198.39999999999998,492.0,331.0,743.9,937.6,429.59999999999997,133.0,99.8,809.3,718.6,1028.6,128.2,494.1,828.6,283.8,920.6,377.5,806.9,192.60000000000002,198.8,629.6,795.9,342.8,1000000000.0,167.5,115.8,71.0,573.0,796.9,280.0,807.0,814.9,115.0,373.0,168.5,110.6,802.4,275.0,220.8,573.6,149.8,211.0,27.5,412.6,275.8,624.9,74.0,105.8,563.0,390.2,606.5999999999999,458.90000000000003,180.8,255.5,706.9,0.0,69.0,777.8,90.0,622.1,765.9,196.0,213.5,441.6,573.9,382.6,706.6,32.8,803.0,227.3,425.1,198.8,959.0,309.8,112.5,518.9,681.6,340.8,515.1
Rochester(New Hampshire),174.1,230.2,526.0,365.0,809.1,1002.8,494.79999999999995,94.1,129.6,874.5,783.8,1093.8,144.6,559.3,893.8,349.0,985.8,442.7,872.1,211.3,221.1,694.8,861.1,408.0,1000000000.0,130.3,181.0,59.0,607.0,862.1,314.0,841.0,880.1,149.0,334.1,132.2,129.29999999999998,867.6,309.0,286.0,638.8,166.0,245.0,57.0,477.8,341.0,690.1,35.1,121.1,597.0,455.4,671.8,524.1,212.6,221.2,772.1,69.0,0.0,843.0,144.0,687.3,831.1,230.0,176.1,506.8,639.1,447.8,771.8,98.0,837.0,246.0,490.3,264.0,993.0,375.0,82.9,584.1,746.8,379.8,580.3
Columbia(Maryland),962.1999999999999,664.0,610.1,639.3,33.9,210.0,358.9,882.1999999999999,734.0,51.3,118.9,381.0,745.0,352.9,106.0,504.0,317.0,400.29999999999995,52.0,699.7,725.1,210.9,52.0,435.0,1000000000.0,918.4,662.0,846.0,569.1,38.9,887.3,739.0,48.0,831.6999999999999,1122.1999999999998,920.3,729.0,189.0,887.3,557.0,263.9,746.0,883.3,804.0,365.2,693.3,152.9,823.1999999999999,737.2,450.1,398.29999999999995,355.1,318.9,677.0,1009.3,227.0,777.8,843.0,0.0,732.7,281.9,167.0,774.3,964.1999999999999,345.9,203.9,401.09999999999997,159.10000000000002,745.0,758.7,665.0,352.7,603.7,587.0,474.5,870.9999999999999,258.9,161.0,628.3,273.2
Keene(New Hampshire),276.5,247.6,441.0,300.8,698.8,892.5,384.5,202.2,149.0,764.2,673.5,983.5,177.4,449.0,783.5,238.7,875.5,332.4,761.8,241.8,248.0,584.5,750.8,297.7,1000000000.0,227.0,165.0,129.0,522.0,751.8,264.0,754.0,769.8,99.0,435.0,228.0,159.8,757.3,259.0,175.7,528.5,199.0,195.0,87.0,367.5,221.0,579.8,162.0,155.0,512.0,345.1,561.5,413.8,230.0,315.0,661.8,90.0,144.0,732.7,0.0,577.0,720.8,180.0,273.0,396.5,528.8,337.5,661.5,82.0,752.0,276.5,380.0,129.0,906.0,264.7,172.0,473.8,636.5,286.0,470.0
Atlantic City(New Jersey),806.5,508.3,555.0,484.5,248.0,476.0,211.0,726.5,578.3,313.4,264.0,591.0,589.3,141.0,367.0,348.3,484.0,244.6,311.0,544.0,569.4000000000001,202.0,300.0,279.3,1000000000.0,762.7,506.3,690.3,514.0,301.0,732.5,715.0,319.0,676.0,966.5,764.6,573.3,306.5,732.5,401.3,200.0,590.3,728.5,648.3,209.5,538.7,129.0,667.5,581.5,395.0,243.7,300.0,165.0,521.3,853.6,211.0,622.1,687.3,281.9,577.0,0.0,270.0,619.5,808.5,190.0,100.0,245.4,270.0,589.3,733.0,509.3,197.0,448.0,745.0,318.8,715.3,125.0,228.0,473.7,139.3
Seaford(Delaware),950.3,652.1,647.0,627.4,167.0,370.0,347.0,870.3,722.1,182.4,252.0,541.0,733.1,341.0,267.0,492.1,477.0,388.4,187.0,687.8,713.2,294.0,115.0,423.1,1000000000.0,906.5,650.1,834.1,606.0,170.0,875.4,807.0,196.0,819.8,1110.3,908.4,717.1,36.5,875.4,545.1,292.0,734.1,871.4,792.1,353.3,681.4,141.0,811.3,725.3,487.0,386.4,392.0,307.0,665.1,997.4,60.0,765.9,831.1,167.0,720.8,270.0,0.0,762.4,952.3,334.0,192.0,389.2,292.2,733.1,825.0,653.1,340.8,591.8,747.0,462.6,859.0999999999999,247.0,294.1,616.4,261.3
Rutland(Vermont),358.5,381.6,296.0,135.0,740.4,889.0,415.4,284.2,294.0,805.8,698.2,939.0,322.4,491.5,780.0,325.7,837.0,377.0,803.4,376.0,393.0,617.4,792.4,384.7,1000000000.0,309.0,299.0,171.0,377.0,793.4,113.0,611.0,811.4,81.0,517.0,310.0,304.8,798.9,113.0,262.7,561.4,344.0,109.0,178.0,410.0,143.0,621.4,253.0,300.0,367.0,376.0,462.0,456.3,364.0,397.0,703.4,196.0,230.0,774.3,180.0,619.5,762.4,0.0,355.0,439.0,570.4,380.0,658.0,227.0,607.0,410.7,422.5,216.0,763.0,351.7,254.0,515.4,669.4,149.8,512.5
Lewiston(Maine),3.5,336.1,651.0,490.0,930.3,1124.0,616.0,82.0,235.5,995.6999999999999,905.0,1215.0,250.5,680.5,1015.0,470.2,1107.0,563.9,993.3,317.2,327.0,816.0,982.3,529.2,1000000000.0,55.0,302.2,184.0,732.0,983.3,439.0,966.0,1001.3,274.0,167.0,57.5,235.2,988.8,434.0,407.2,760.0,271.9,370.0,186.0,599.0,450.2,811.3,141.0,227.0,722.0,576.6,793.0,645.3,318.5,54.0,893.3,213.5,176.1,964.1999999999999,273.0,808.5,952.3,355.0,0.0,628.0,760.3,569.0,893.0,244.0,962.0,351.9,611.5,374.5,1118.0,496.2,101.0,705.3,868.0,504.8,701.5
Newark(New Jersey),626.0,327.8,415.2,304.0,312.0,496.0,25.3,546.0,397.8,377.4,277.0,587.0,408.8,62.0,387.0,167.8,479.0,64.1,375.0,363.5,388.90000000000003,188.0,364.0,98.80000000000001,1000000000.0,582.2,325.8,509.8,416.3,365.0,552.0,617.3,383.0,495.5,786.0,584.1,392.8,370.5,552.0,220.8,132.0,409.8,548.0,467.8,29.0,358.2,193.0,487.0,401.0,297.3,63.2,202.3,27.0,340.8,673.1,275.0,441.6,506.8,345.9,396.5,190.0,334.0,439.0,628.0,0.0,142.0,64.9,265.0,408.8,635.3,328.8,16.5,267.5,720.3,138.3,534.8,87.0,240.0,293.2,82.0
Philadelphia(Pennsylvania),758.3,460.1,455.0,435.4,170.0,398.0,155.0,678.3,530.1,235.4,164.0,491.0,541.1,149.0,289.0,300.1,384.0,196.4,233.0,495.8,521.2,102.0,222.0,231.10000000000002,1000000000.0,714.5,458.1,642.1,414.0,223.0,683.4,615.0,241.0,627.8,918.3,716.4,525.1,228.5,683.4,353.1,100.0,542.1,679.4,600.1,161.3,489.4,51.0,619.3,533.3,295.0,194.4,200.0,115.0,473.1,805.4,133.0,573.9,639.1,203.9,528.8,100.0,192.0,570.4,760.3,142.0,0.0,197.2,170.0,541.1,633.0,461.1,148.8,399.8,645.0,270.6,667.0999999999999,55.0,128.0,424.4,69.3
Mount Vernon(New York),567.0,268.8,359.7,245.0,367.2,557.0999999999999,47.1,487.0,338.8,432.59999999999997,338.09999999999997,648.1,349.8,117.4,448.09999999999997,108.80000000000001,540.1,5.1,430.2,304.5,329.90000000000003,249.1,419.2,39.800000000000004,1000000000.0,523.2,266.8,450.8,405.7,420.2,493.0,608.0,438.2,436.5,727.0,525.1,333.8,425.7,493.0,161.8,193.1,350.8,489.0,408.8,35.9,300.5,248.2,428.0,342.0,288.0,7.7,224.1,82.19999999999999,281.8,614.1,330.2,382.6,447.8,401.09999999999997,337.5,245.4,389.2,380.0,569.0,64.9,197.2,0.0,326.09999999999997,349.8,626.0,269.8,48.4,208.5,714.0,79.30000000000001,475.8,142.2,301.09999999999997,237.7,138.4
Harrisburg(Pennsylvania),891.0,592.8,451.0,523.0,125.2,231.0,279.0,811.0,662.8,190.6,40.2,327.0,673.8,319.0,122.0,432.8,221.0,329.1,188.2,628.5,653.9000000000001,102.0,177.2,363.8,1000000000.0,847.2,590.8,774.8,410.0,178.2,771.0,611.0,196.2,739.0,1051.0,849.1,657.8,304.2,771.0,485.8,133.0,674.8,767.0,732.8,294.0,582.0,221.0,752.0,666.0,291.0,318.4,196.0,285.0,605.8,938.1,303.0,706.6,771.8,159.10000000000002,661.5,270.0,292.2,658.0,893.0,265.0,170.0,326.09999999999997,0.0,673.8,629.0,593.8,281.5,532.5,478.0,403.3,799.8,225.0,62.0,517.0,239.3
Nashua(New Hampshire),242.0,165.6,463.0,322.8,711.1,904.8,396.79999999999995,162.0,67.0,776.5,685.8,995.8,95.4,461.3,795.8,251.0,887.8,344.7,774.1,159.8,166.0,596.8,763.1,310.0,1000000000.0,198.2,83.0,101.0,544.0,764.1,311.0,776.0,782.1,146.0,402.0,200.0,77.8,769.6,306.0,188.0,540.8,117.0,242.0,59.0,379.8,243.0,592.1,103.0,73.0,534.0,357.4,573.8,426.1,148.0,287.0,674.1,32.8,98.0,745.0,82.0,589.3,733.1,227.0,244.0,408.8,541.1,349.8,673.8,0.0,774.0,194.5,392.3,166.0,928.0,277.0,144.0,486.1,648.8,308.0,482.3
