,Monroe(Louisiana),Charlotte(North Carolina),Cumberland(Maryland),Birmingham(Alabama),Pittsfield(Massachusetts),Cambridge(Massachusetts),Boston(Massachusetts),Manchester(New Hampshire),Parkersburg(West Virginia),Morgantown(West Virginia),Tonawanda(New York),Paterson(New Jersey),Bowling Green(Kentucky),Fort Wayne(Indiana),Buffalo(New York),Florence(Kentucky),El Dorado(Arkansas),Portland(Maine),Grand Rapids(Michigan),Bangor(Maine),Bridgeport(Connecticut),Atlanta(Georgia),Springfield(Massachusetts),Dayton(Ohio),New Rochelle(New York),Carmel(Indiana),Syracuse(New York),Raleigh(North Carolina),Jackson(Tennessee),St. Louis(Missouri),Michigan City(Michigan),Huntsville(Alabama),Tallahassee(Florida),Tuscaloosa(Alabama),Augusta(Maine),Flint(Michigan),Muncie(Indiana),Rochester(New Hampshire),Hartford(Connecticut),Orlando(Florida),York(Pennsylvania),Alexandria(Virginia),Champaign(Illinois),JacksonM(Mississippi),Reading(Pennsylvania),Rutland(Vermont),Jersey City(New Jersey),Biloxi(Mississippi),Charleston(West Virginia),Elizabethtown(Kentucky),Cincinnati(Ohio),Owensboro(Kentucky),Annapolis(Maryland),Charlottesville(Virginia),Gainesville(Florida),Laconia(New Hampshire),Ann Arbor(Michigan),Scranton(Pennsylvania),Lebanon(New Hampshire),Rockville(Maryland),Auburn(Maine),Allentown(Pennsylvania),Erie(Pennsylvania),Concord(New Hampshire),Richmond(Virginia),Shreveport(Louisiana),Lorain(Ohio),Burlington(Vermont),Nashville(Tennessee),Lewiston(Maine),Murfreesboro(Tennessee),Hattiesburg(Mississippi),Newark(New Jersey),Miami(Florida),Sheboygan(Wisconsin),Lynchburg(Virginia),Albany(New York),Akron(Ohio),Newport(Rhode Island),Keene(New Hampshire),Lancaster(Pennsylvania),Hagerstown(Maryland),New York City(New York),Durham(North Carolina),Columbia(Maryland),Middletown(New Jersey),Wilmington-D(Delaware),South Bend(Indiana),Evansville(Indiana),Lake Charles(Louisiana),Peoria(Illinois),Johnson City(Tennessee),Weirton(West Virginia),Memphis(Tennessee),Summerville(South Carolina),Tampa(Florida),Chattanooga(Tennessee),Springfield-M(Missouri),Brockton(Massachusetts),New Bedford(Massachusetts),New Bern (North Carolina),Milwaukee(Wisconsin),Manassas(Virginia),Kenosha(Wisconsin),Martinsburg(West Virginia),St. Petersburg(Florida),Lansing(Michigan),Columbus(Ohio),Knoxville(Tennessee),Kalamazoo(Michigan),Wilmington(North Carolina),Winston-Salem(North Carolina),Bentonville(Arkansas),Troy(New York),Detroit(Michigan),Traverse city (Michigan),Fall River(Massachusetts),Trenton(New Jersey),Gaithersburg(Maryland),Terre Haute(Indiana),Winooski(Vermont),Lexington(Kentucky),Johnstown(Pennsylvania),Blue Springs (Missouri),Blacksburg(Virginia),Baton Rouge(Louisiana),Portsmouth(New Hampshire),Salisbury(Maryland),Greensboro(North Carolina),Springfield-I(Illinois),Hamilton(New Jersey),Bloomington(Indiana),Louisville(Kentucky),Cape Coral(Florida),Jonesboro(Arkansas),Conway(Arkansas),Savannah(Georgia),Macon(Georgia),Quincy(Massachusetts),Tupelo(Mississippi),Pittsburgh(Pennsylvania),Sanford(Maine),Saginaw(Michigan),Worcester(Massachusetts),Gary(Indiana),Springdale(Arkansas),Chelsea(Massachusetts),Washington(DC),Hilton Head Island(South Carolina),Huntington(West Virginia),Dothan(Alabama),Chicago(Illinois),Little Rock(Arkansas),Harrisburg(Pennsylvania),Montgomery(Alabama),Wheeling(West Virginia),Cleveland(Ohio),Norfolk(Virginia),Bossier City(Louisiana),Southaven(Mississippi),Providence(Rhode Island),Woodbridge(New Jersey),Clarksburg(West Virginia),Mobile(Alabama),Indianapolis(Indiana),Stamford(Connecticut),Fayetteville(North Carolina),Frankfort(Kentucky),Nashua(New Hampshire),New Haven(Connecticut),Toledo(Ohio),Yonkers(New York),Utica(New York),Westbrook(Maine),Warwick(Rhode Island),Jacksonville(Florida),Panama City(Florida),Baltimore(Maryland),Jefferson City(Missouri),Lafayette(Louisiana),New Orleans(Louisiana),Mount Vernon(New York),Philadelphia(Pennsylvania),Atlantic City(New Jersey),Binghamton(New York),Lafayette(Indiana),Kingsport(Tennessee),Montpelier(Vermont),Virginia Beach(Virginia),Columbia-SC(South Carolina),Fayetteville-A(Arkansas),Youngstown(Ohio),Valdosta(Georgia),Rockford(Illinois),Bloomington(Illinois),Greenville(South Carolina),Biddeford(Maine),Seaford(Delaware),Dover(Delaware),Silver Spring(Maryland)
Monroe(Louisiana),0.0,1234.0,1815.0,600.0,2510.0,2639.5,2634.5,2683.3,1531.0,1699.0,1996.7,2264.4,914.0,1480.0,1977.0,1237.0,108.0,2825.8,1706.0,3027.7002,2380.0,837.0,2509.2,1344.0,2305.8,1319.0,2223.0,1475.0,661.0,1147.0,1561.0,749.0,894.0,500.0,2914.8,1747.0,1370.0,2748.5,2462.5,1307.0,2024.4,1862.0,1407.0,199.0,2116.4,2588.0,2258.2,467.0,1449.0,1030.0,1257.0,1030.0,1941.4,1685.0,1134.0,2751.5,1670.0,2204.0,2669.0,1905.7,2867.7002,2169.4,1825.0,2709.5,1707.0,161.0,1630.0,2701.0,810.0,2869.7002,862.0,346.0,2251.4,1667.0,1813.9,1573.0,2445.0,1631.0,2570.5,2638.2002,2066.5,1924.0,2270.7,1464.0,1925.3,2258.4,2058.4,1503.0,1094.0,314.0,1423.0,1265.0,1671.0,530.0,1335.0,1337.0,924.0,798.0,2651.5,2630.6,1647.0,1722.9,1811.0,1673.9,1914.0,1372.0,1694.0,1430.0,1097.0,1625.0,1519.0,1364.0,640.0,2453.0,1676.0,1933.0,2605.2,2164.4,1917.3,1273.0,2701.0,1166.0,1835.0,1054.0,1493.0,299.0,2728.7002,2078.0,1385.0,1311.0,2178.7,1285.0,1097.0,1528.0,504.0,348.0,1239.0,973.0,2650.5,504.0,1727.0,2776.5,1808.0,2567.5,1521.0,617.0,2642.7002,1874.0,1306.0,1367.0,766.0,1570.9,300.0,2046.0,596.0,1636.0,1660.0,1866.0,155.0,517.0,2582.5,2224.4,1646.0,498.0,1281.0,2340.5,1454.0,1163.0,2650.5,2409.5,1583.0,2303.8,2300.0,2823.9001,2569.5,1159.0,799.0,1939.4,1020.0,294.0,430.0,2306.6,2109.4,2187.4,2251.0,1381.0,1258.0,2697.0,1879.0,1183.0,604.0,1707.0,1013.0,1623.0,1413.0,1071.0,2787.7002,2056.4,2116.4,1886.4
Charlotte(North Carolina),1234.0,0.0,848.8,634.0,1364.8,1405.5,1400.5,1449.3,627.0,756.0,1233.7,1030.4,783.0,1058.0,1214.0,780.0,1342.0,1591.8,1331.0,1793.7001,1146.0,397.0,1275.2,887.0,1071.8,1013.0,1240.6001,241.0,888.0,1232.0,1255.0,742.0,883.0,734.0,1680.8,1207.0,1064.0,1514.5,1228.5,931.0,790.4,628.0,1178.0,1035.0,882.4,1445.8,1024.2,1035.0,502.0,812.0,800.0,899.0,707.4,451.0,821.0,1517.5,1119.0,1026.6001,1503.2001,671.7,1633.7001,935.4,1062.0,1475.5,473.0,1395.0,1004.0,1558.8,679.0,1635.7001,683.0,1076.0,1017.4,1258.0,1507.9,339.0,1299.8,968.0,1336.5,1404.2001,832.5,739.8,1036.7,230.0,691.30005,1024.4,824.4,1197.0,963.0,1477.0,1323.0,241.0,809.0,1010.0,302.0,1027.0,567.0,1480.0,1417.5,1396.6001,415.0,1416.9,577.0,1367.9,702.0,1062.0,1224.0,804.0,392.0,1253.0,321.0,130.0,1585.0,1310.8,1125.0,1505.0,1371.2,930.4,683.3,1100.0,1558.8,666.0,955.8,1603.0,280.0,1273.0,1494.7001,844.0,151.0,1323.0,944.7,1068.0,791.0,1183.0,1132.0,1293.0,478.0,533.0,1416.5,1171.0,856.0,1542.5,1258.0,1333.5,1215.0,1562.0,1408.7001,640.0,411.0,584.0,826.0,1264.9,1240.0,830.60004,656.0,765.0,1031.0,632.0,1389.0,1033.0,1348.5,990.4,705.0,924.0,975.0,1106.5,222.0,713.0,1416.5,1175.5,1032.0,1069.8,1281.6001,1589.9001,1335.5,705.0,959.0,705.4,1446.0,1360.0,1179.0,1072.6001,875.4,953.4,1121.6001,1075.0,278.7,1554.8,645.0,150.0,1549.0,1047.0,764.0,1409.9,1260.0,163.0,1553.7001,822.4,882.4,652.4
Cumberland(Maryland),1815.0,848.8,0.0,1215.0,813.0,893.8,888.8,937.6,293.0,116.0,548.7,510.0,901.0,692.0,529.0,631.0,1761.0,1080.1,866.0,1282.0,634.3,1245.8,763.5,551.0,560.1,757.0,641.0,667.4,1216.0,1231.0,875.0,1187.0,1699.0,1315.0,1169.1,742.0,802.0,1002.8,716.8,1779.8,271.2,230.4,922.0,1616.0,333.0,889.0,512.5,1702.0,370.0,795.0,611.0,927.0,255.0,403.8,1669.8,1005.8,654.0,427.0,970.0,187.0,1122.0,364.0,377.0,963.8,396.4,1918.0,430.4,1002.0,1005.0,1124.0,1057.0,1743.0,496.0,2106.8,1197.9,509.8,748.0,348.0,824.8,892.5,293.0,109.0,525.0,639.4,210.0,547.0,347.0,817.0,964.0,2085.0,1067.0,850.0,229.0,1339.0,1093.4,1875.8,1098.0,1580.0,905.8,884.89996,851.4,1106.9,271.8,1057.9,146.8,1910.8,759.0,438.0,923.0,812.0,875.4,731.8,1738.0,754.0,660.0,1040.0,859.5,453.0,179.0,844.0,1002.0,649.0,107.0,1602.0,592.0,1881.0,983.0,383.0,697.8,1067.0,467.3,812.0,771.0,2031.8,1461.0,1622.0,1326.8,1381.8,904.8,1500.0,171.0,1030.8,793.0,821.8,905.0,1767.4,897.0,218.4,1259.8,448.0,1532.0,954.9,1569.0,231.0,1362.0,232.0,385.0,545.4,1910.0,1362.0,836.8,513.0,179.0,1591.0,719.0,594.8,772.4,696.0,904.8,663.8,567.0,549.4,682.0,1078.2,823.8,1553.8,1665.0,228.0,1445.0,1968.0,1846.0,557.10004,398.0,476.0,522.0,819.0,827.0,998.0,558.4,998.8,1780.4,427.0,1612.8,1099.9,1004.0,1011.8,1042.0,370.0,429.0,206.0
Birmingham(Alabama),600.0,634.0,1215.0,0.0,1910.0,2039.5,2034.5,2083.3,931.0,1099.0,1396.7,1664.4,314.0,880.0,1377.0,637.0,708.0,2225.8,1106.0,2427.7002,1780.0,237.0,1909.2,744.0,1705.8,719.0,1623.0,875.0,421.0,763.0,961.0,163.0,484.0,100.0,2314.8,1147.0,770.0,2148.5,1862.5,897.0,1424.4,1262.0,807.0,401.0,1516.4,1988.0,1658.2,487.0,849.0,430.0,657.0,430.0,1341.4,1085.0,724.0,2151.5,1070.0,1604.0,2069.0,1305.7,2267.7002,1569.4,1225.0,2109.5,1107.0,761.0,1030.0,2101.0,210.0,2269.7002,262.0,528.0,1651.4,1257.0,1213.9,973.0,1845.0,1031.0,1970.5,2038.2001,1466.5,1324.0,1670.7,864.0,1325.3,1658.4,1458.4,903.0,494.0,870.0,952.0,665.0,1071.0,544.0,735.0,927.0,338.0,1014.0,2051.5,2030.6001,1047.0,1122.9,1211.0,1073.9,1314.0,962.0,1094.0,830.0,497.0,1025.0,919.0,764.0,1119.0,1853.0,1076.0,1333.0,2005.2,1564.4,1317.3,673.0,2101.0,566.0,1235.0,1134.0,893.0,666.0,2128.7002,1478.0,785.0,927.0,1578.7,685.0,497.0,1118.0,666.0,827.0,639.0,373.0,2050.5,705.0,1127.0,2176.5,1208.0,1967.5,921.0,1096.0,2042.7001,1274.0,706.0,767.0,317.0,970.9,774.0,1446.0,147.0,1036.0,1060.0,1266.0,755.0,567.0,1982.5,1624.4,1046.0,376.0,681.0,1740.5,854.0,563.0,2050.5,1809.5,983.0,1703.8,1700.0,2223.9001,1969.5,749.0,450.0,1339.4,977.0,753.0,631.0,1706.6001,1509.4,1587.4,1651.0,781.0,658.0,2097.0,1279.0,583.0,1083.0,1107.0,603.0,1103.0,889.0,471.0,2187.7002,1456.4,1516.4,1286.4
Pittsfield(Massachusetts),2510.0,1364.8,813.0,1910.0,0.0,216.0,215.0,275.8,1097.0,929.0,531.0,334.4,1596.0,1198.0,533.0,1273.0,2456.0,406.30002,1333.0,608.2,227.7,1761.8,92.0,1193.0,295.40002,1376.0,301.0,1173.8,1911.0,1845.0,1342.0,1882.0,2247.8,2010.0,495.30002,1209.0,1308.0,341.0,138.7,2287.8,622.2,736.80005,1536.0,2311.0,536.4,143.0,341.7,2397.0,1183.0,1483.0,1253.0,1594.0,711.4,918.80005,2177.8,314.0,1121.0,386.0,224.0,722.4,448.2,480.4,685.0,302.0,902.80005,2613.0,895.4,256.0,1700.0,450.2,1752.0,2438.0,358.2,2614.8,1682.6,1025.8,65.0,913.0,274.7,221.0,588.4,704.0,329.2,1145.8,693.3,410.7,540.4,1284.0,1606.0,2780.0,1681.0,1417.8,921.0,2034.0,1599.8,2383.8,1729.8,2194.0,242.0,261.0,1357.8,1591.6,792.80005,1542.6,741.8,2418.8,1226.0,1080.0,1557.8,1279.0,1381.8,1247.8,2352.0,79.8,1127.0,1507.0,240.0,434.4,730.4,1486.0,256.0,1387.0,761.0,2216.0,1159.8,2576.0,309.2,717.9,1213.8,1681.0,431.7,1454.0,1413.0,2539.8,2156.0,2317.0,1834.8,1897.8,235.0,2195.0,863.0,357.0,1260.0,160.0,1389.7,2381.4,223.2,724.80005,1767.8,1261.0,2190.8,1439.6,2264.0,582.0,2020.8,954.0,850.0,929.9,2605.0,2057.0,225.0,375.5,992.0,2286.0,1361.0,260.7,1278.8,1382.0,243.0,201.7,1034.0,295.0,220.0,404.40002,242.6,2061.8,2323.8,659.4,2059.0,2663.0,2541.0,300.5,489.4,538.7,291.0,1385.0,1394.8,252.0,958.4,1514.8,2394.4,970.0,2128.8,1584.6,1618.0,1527.8,368.2,681.4,622.4,712.4
Cambridge(Massachusetts),2639.5,1405.5,893.8,2039.5,216.0,0.0,10.8,99.8,1186.8,1009.8,747.0,385.8,1794.8,1414.0,749.0,1474.8,2636.5,191.6,1549.0,393.5,266.0,1802.5,139.0,1394.8,333.7,1592.0,517.0,1214.5,2088.5,2061.0,1558.0,1945.5,2288.5,2139.5,280.6,1425.0,1524.0,129.6,177.0,2328.5,674.8,777.5,1752.0,2440.5,585.8,294.0,381.3,2440.5,1263.8,1684.8,1454.8,1795.8,752.1,959.5,2218.5,168.0,1337.0,562.8,213.0,763.1,233.5,529.8,901.0,126.0,943.5,2793.5,1111.4,378.0,1883.5,235.5,1886.5,2481.5,397.8,2655.5,1898.6,1066.5,281.0,1129.0,127.5,149.0,637.8,784.8,368.8,1186.5,734.0,450.3,581.1,1500.0,1807.8,2882.5,1897.0,1458.5,1042.8,2214.5,1640.5,2424.5,1770.5,2410.0,50.0,99.0,1398.5,1807.6,833.5,1758.6,822.6,2459.5,1442.0,1281.8,1598.5,1495.0,1422.5,1288.5,2568.0,295.8,1343.0,1723.0,92.8,475.1,771.1,1687.8,373.0,1542.8,876.8,2432.0,1200.5,2678.5,94.5,758.6,1254.5,1897.0,471.3,1655.8,1614.8,2580.5,2336.5,2497.5,1875.5,1938.5,28.4,2375.5,984.8,142.3,1476.0,72.0,1605.7,2597.4,8.5,765.5,1808.5,1341.8,2231.5,1655.6,2444.5,662.8,2061.5,1075.8,1066.0,970.6,2785.5,2237.5,96.4,415.1,1072.8,2329.5,1562.8,299.0,1319.5,1583.8,67.0,240.0,1250.0,346.4,436.0,189.7,114.0,2102.5,2364.5,700.1,2275.0,2765.5,2584.5,338.8,530.1,578.3,507.0,1601.0,1435.5,309.0,999.1,1555.5,2610.4,1186.0,2169.5,1800.6,1834.0,1568.5,153.5,722.1,663.1,753.1
Boston(Massachusetts),2634.5,1400.5,888.8,2034.5,215.0,10.8,0.0,110.600006,1181.8,1004.8,746.0,380.8,1789.8,1413.0,748.0,1469.8,2631.5,191.29999,1548.0,393.2,261.0,1797.5,142.0,1389.8,328.7,1591.0,516.0,1209.5,2083.5,2060.0,1557.0,1940.5,2283.5,2134.5,280.3,1424.0,1523.0,129.3,172.0,2323.5,669.8,772.5,1751.0,2435.5,580.8,304.8,376.3,2435.5,1258.8,1679.8,1449.8,1790.8,747.1,954.5,2213.5,178.8,1336.0,557.8,223.8,758.1,233.2,524.8,900.0,136.8,938.5,2788.5,1110.4,388.8,1878.5,235.2,1881.5,2476.5,392.8,2650.5,1897.6,1061.5,280.0,1128.0,116.7,159.8,632.8,779.8,363.8,1181.5,729.0,445.3,576.1,1499.0,1802.8,2877.5,1896.0,1453.5,1037.8,2209.5,1635.5,2419.5,1765.5,2409.0,39.2,93.0,1393.5,1806.6,828.5,1757.6,817.6,2454.5,1441.0,1276.8,1593.5,1494.0,1417.5,1283.5,2567.0,294.8,1342.0,1722.0,82.0,470.1,766.1,1682.8,383.8,1537.8,871.8,2431.0,1195.5,2673.5,94.2,753.6,1249.5,1896.0,466.3,1650.8,1609.8,2575.5,2331.5,2492.5,1870.5,1933.5,21.0,2370.5,979.8,142.0,1475.0,67.0,1604.7,2596.4,8.2,760.5,1803.5,1336.8,2226.5,1654.6,2439.5,657.8,2056.5,1070.8,1065.0,965.6,2780.5,2232.5,89.0,410.1,1067.8,2324.5,1557.8,294.0,1314.5,1578.8,77.8,235.0,1249.0,341.4,435.0,189.4,106.6,2097.5,2359.5,695.1,2274.0,2760.5,2579.5,333.8,525.1,573.3,506.0,1600.0,1430.5,319.8,994.1,1550.5,2609.4,1185.0,2164.5,1799.6,1833.0,1563.5,153.2,717.1,658.1,748.1
Manchester(New Hampshire),2683.3,1449.3,937.6,2083.3,275.8,99.8,110.600006,0.0,1230.6001,1053.6,803.0,429.59998,1838.6001,1472.0,807.0,1518.6001,2680.3,168.5,1607.0,373.0,309.8,1846.3,198.8,1438.6001,377.5,1644.6001,573.0,1258.2999,2132.3,2118.6,1616.0,1989.3,2332.3,2183.3,255.5,1483.0,1582.0,69.0,220.8,2372.3,718.6,821.3,1809.6001,2484.3,629.6,196.0,425.09998,2484.3,1307.6001,1728.6001,1498.6001,1839.6001,795.89996,1003.2999,2262.3,71.0,1395.0,606.6,115.0,806.89996,213.0,573.6,959.0,27.5,987.2999,2837.3,1169.4,280.0,1927.3,213.5,1930.3,2525.3,441.59998,2699.3,1956.6,1110.2999,340.8,1187.0,227.3,90.0,681.6,828.6,412.59998,1230.2999,777.7999,494.09998,624.89996,1558.0,1851.6001,2926.2998,1954.6001,1502.3,1086.6001,2258.3,1684.3,2468.3,1814.3,2467.6,149.8,198.8,1442.3,1865.6,877.3,1816.6,866.39996,2503.3,1500.0,1325.6001,1642.3,1553.0,1466.3,1332.3,2625.6,331.0,1401.0,1781.0,192.6,518.9,814.89996,1731.6001,275.0,1586.6001,920.6,2489.6,1244.2999,2722.3,74.0,802.39996,1298.2999,1954.6001,515.1,1699.6001,1658.6001,2624.3,2380.3,2541.3,1919.3,1982.3,128.2,2419.3,1028.6,112.5,1534.0,115.8,1663.7,2655.0002,105.8,809.3,1852.3,1385.6001,2275.3,1713.6,2488.3,706.6,2105.3,1119.6001,1124.0,1014.39996,2829.3,2281.3,180.8,458.9,1116.6001,2373.3,1606.6001,342.8,1363.3,1627.6001,32.8,283.8,1308.0,390.19998,492.0,167.5,198.40001,2146.3,2408.3,743.89996,2332.6,2809.3,2628.3,382.59998,573.89996,622.1,563.0,1659.0,1479.3,211.0,1042.8999,1599.3,2668.0002,1244.0,2213.3,1858.6,1891.6001,1612.3,133.0,765.89996,706.89996,796.89996
Parkersburg(West Virginia),1531.0,627.0,293.0,931.0,1097.0,1186.8,1181.8,1230.6001,0.0,177.0,611.7,803.0,617.0,435.0,592.0,344.0,1477.0,1373.1,708.0,1575.0,927.3,997.0,1056.5,294.0,853.1,500.0,838.0,719.0,932.0,946.0,637.0,903.0,1415.0,1031.0,1462.1,584.0,545.0,1295.8,1009.8,1558.0,564.2,523.4,665.0,1332.0,626.0,1173.0,805.5,1418.0,125.0,511.0,324.0,643.0,548.0,510.0,1448.0,1298.8,496.0,711.0,1254.0,480.0,1415.0,657.0,440.0,1256.8,625.0,1634.0,381.0,1286.0,721.0,1417.0,773.0,1459.0,789.0,1885.0,940.9,492.0,1032.0,348.0,1117.8,1185.5,586.0,402.0,818.0,682.0,503.0,840.0,640.0,579.0,677.0,1801.0,810.0,605.0,189.0,1055.0,929.0,1654.0,814.0,1295.0,1198.8,1177.9,903.0,849.9,523.0,800.9,398.0,1689.0,601.0,181.0,639.0,630.0,902.1,550.0,1453.0,1038.0,502.0,882.0,1152.5,746.0,472.0,587.0,1286.0,365.0,342.0,1317.0,347.0,1597.0,1276.0,676.0,595.1,810.0,760.3,555.0,484.0,1810.0,1177.0,1338.0,1105.0,1133.0,1197.8,1216.0,234.0,1323.8,635.0,1114.8,648.0,1482.4,1190.0,511.4,1038.0,164.0,1248.0,697.9,1285.0,524.0,1078.0,143.0,411.0,782.0,1626.0,1078.0,1129.8,806.0,116.0,1307.0,462.0,887.8,752.1,412.0,1197.8,956.8,409.0,842.4,915.0,1371.2,1116.8,1332.0,1381.0,521.0,1160.0,1684.0,1562.0,850.10004,691.0,769.0,806.0,562.0,582.0,1282.0,795.0,777.0,1495.4,427.0,1364.0,842.9,747.0,790.0,1335.0,663.0,722.0,499.0
Morgantown(West Virginia),1699.0,756.0,116.0,1099.0,929.0,1009.8,1004.8,1053.6,177.0,0.0,499.7,626.0,785.0,576.0,480.0,515.0,1645.0,1196.1,806.0,1398.0,750.3,1153.0,879.5,435.0,676.1,641.0,726.0,770.0,1100.0,1115.0,778.0,1071.0,1583.0,1199.0,1285.1,682.0,686.0,1118.8,832.8,1687.0,387.2,346.4,806.0,1500.0,449.0,1005.0,628.5,1586.0,254.0,679.0,495.0,811.0,371.0,478.0,1577.0,1121.8,594.0,543.0,1086.0,303.0,1238.0,480.0,328.0,1079.8,499.0,1802.0,380.0,1118.0,889.0,1240.0,941.0,1627.0,612.0,2014.0,1081.9,584.0,864.0,288.0,940.8,1008.5,409.0,225.0,641.0,742.0,326.0,663.0,463.0,720.0,848.0,1969.0,951.0,734.0,129.0,1223.0,1058.0,1783.0,982.0,1464.0,1021.8,1000.89996,954.0,990.9,346.0,941.9,221.0,1818.0,699.0,322.0,807.0,752.0,978.0,679.0,1622.0,870.0,600.0,980.0,975.5,569.0,295.0,728.0,1118.0,533.0,223.0,1486.0,476.0,1765.0,1099.0,499.0,724.1,951.0,583.3,696.0,655.0,1939.0,1345.0,1506.0,1234.0,1289.0,1020.8,1384.0,122.0,1146.8,733.0,937.8,789.0,1651.4,1013.0,334.4,1167.0,332.0,1416.0,838.9,1453.0,347.0,1246.0,116.0,336.0,658.0,1794.0,1246.0,952.8,629.0,63.0,1475.0,603.0,710.8,875.0,580.0,1020.8,779.8,507.0,665.4,798.0,1194.2,939.8,1461.0,1549.0,344.0,1329.0,1852.0,1730.0,673.10004,514.0,592.0,638.0,703.0,711.0,1114.0,661.0,906.0,1664.4,367.0,1520.0,983.9,888.0,919.0,1158.0,486.0,545.0,322.0
Tonawanda(New York),1996.7,1233.7,548.7,1396.7,531.0,747.0,746.0,803.0,611.7,499.7,0.0,610.0,1082.7,684.7,19.7,759.7,1942.7,917.0,819.7,1124.0,703.2,1505.7,623.0,679.7,629.0,862.7,242.0,1216.1,1397.7,1331.7,828.7,1368.7,1880.7,1496.7,1004.0,695.7,794.7,837.0,669.7,2164.7,669.2,779.10004,1022.7,1797.7,592.0,607.0,651.8,1883.7,731.7,969.7,739.7,1080.7,803.7,952.5,2048.7,778.0,607.7,433.0,688.0,735.7,965.5,555.0,171.7,785.0,945.1,2099.7,382.1,720.0,1186.7,962.0,1238.7,1924.7,635.3,2491.7,1169.3,1058.5,466.0,399.7,805.7,752.0,646.0,657.7,644.0,1188.1,758.7,693.0,684.0,770.7,1092.7,2266.7,1167.7,1211.7,435.7,1520.7,1535.7,2259.7,1322.7,1680.7,773.0,792.0,1400.1001,1078.3,820.5,1029.3,695.5,2295.7,712.7,566.7,1147.7,765.7,1424.1001,1156.7,1838.7,472.0,613.7,993.7,771.0,649.0,727.7,972.7,720.0,873.7,454.7,1702.7,953.7,2062.7,840.2,861.5,1201.8,1167.7,663.3,940.7,899.7,2416.7,1642.7,1803.7,1711.7,1641.7,766.0,1681.7,377.7,861.0,746.7,691.0,876.4,1868.1001,754.2,767.10004,1644.7,775.7,1713.7,926.30005,1750.7,629.0,1543.7,468.7,336.7,1073.5,2091.7,1543.7,756.0,660.0,562.7,1772.7,847.7,663.7,1321.1001,868.7,774.0,732.7,520.7,621.0,319.0,916.0,773.6,1938.7,1846.7,754.2,1545.7,2149.7,2027.7,626.0,633.0,733.0,338.0,871.7,1188.7,716.0,1102.0,1383.7,1881.1001,456.7,1872.7,1071.3,1104.7,1396.7,891.2,825.0,766.0,754.7
Paterson(New Jersey),2264.4,1030.4,510.0,1664.4,334.4,385.8,380.8,429.59998,803.0,626.0,610.0,0.0,1411.0,1152.0,592.0,1091.0,2261.4,572.1,1296.0,774.0,126.3,1427.4,255.5,1011.0,52.100002,1217.0,391.0,839.4,1713.4,1691.0,1305.0,1570.4,1913.4,1764.4,661.1,1172.0,1262.0,494.8,208.79999,1953.4,291.0,402.4,1382.0,2065.4,202.0,415.4,41.8,2065.4,880.0,1301.0,1071.0,1412.0,377.0,584.4,1843.4,497.8,1084.0,177.0,483.5,388.0,614.0,146.0,695.0,455.8,568.4,2418.4,860.4,528.4,1508.4,616.0,1511.4,2106.4,25.3,2280.4,1645.6,691.4,269.4,778.0,316.8,384.5,254.0,401.0,36.3,811.4,358.9,83.0,206.0,1247.0,1424.0,2507.4,1527.0,1083.4,659.0,1839.4,1265.4,2049.4,1395.4,2040.0,397.8,376.9,1023.4,1554.6,458.4,1505.6,438.8,2084.4,1189.0,898.0,1223.4,1242.0,1047.4,913.4,2198.0,280.4,1090.0,1470.0,351.5,100.0,396.0,1304.0,528.4,1159.0,493.0,2062.0,825.4,2303.4,475.0,383.5,879.4,1527.0,106.0,1272.0,1231.0,2205.4,1961.4,2122.4,1500.4,1563.4,396.8,2000.4,601.0,522.8,1223.0,313.8,1352.7,2227.4,389.0,390.4,1433.4,958.0,1856.4,1402.6,2069.4,279.0,1686.4,692.0,815.0,595.5,2410.4,1862.4,328.8,50.0,689.0,1954.4,1179.0,86.8,944.4,1200.0,396.8,155.8,997.0,39.4,391.4,570.2,315.8,1727.4,1989.4,325.0,1905.0,2390.4,2209.4,47.100002,155.0,211.0,272.0,1279.0,1060.4,524.4,624.0,1180.4,2240.4,857.0,1794.4,1547.6,1464.0,1193.4,534.0,347.0,288.0,378.0
Bowling Green(Kentucky),914.0,783.0,901.0,314.0,1596.0,1794.8,1789.8,1838.6001,617.0,785.0,1082.7,1411.0,0.0,566.0,1063.0,323.0,860.0,1981.1,792.0,2183.0,1535.3,504.0,1664.5,430.0,1461.1,405.0,1309.0,955.0,315.0,449.0,647.0,286.0,798.0,414.0,2070.1,833.0,456.0,1903.8,1617.8,1211.0,1169.0,1102.0,493.0,715.0,1231.0,1674.0,1413.5,801.0,535.0,116.0,343.0,116.0,1156.0,920.0,1038.0,1845.0,756.0,1290.0,1755.0,1088.0,2023.0,1265.0,911.0,1852.0,1035.0,1017.0,716.0,1787.0,104.0,2025.0,156.0,842.0,1397.0,1571.0,899.9,902.0,1531.0,717.0,1725.8,1793.5,1194.0,1010.0,1426.0,918.0,1111.0,1448.0,1248.0,589.0,180.0,1184.0,638.0,559.0,757.0,438.0,990.0,1241.0,321.0,798.0,1806.8,1785.9,1139.0,808.9,1052.0,759.9,1000.0,1276.0,780.0,516.0,391.0,711.0,1104.0,786.0,956.0,1539.0,762.0,1019.0,1760.5,1354.0,1080.0,359.0,1787.0,252.0,921.0,820.0,757.0,980.0,1884.0,1284.0,831.1,613.0,1368.3,371.0,183.0,1432.0,560.0,721.0,906.0,640.0,1805.8,599.0,813.0,1928.0,894.0,1722.8,607.0,985.4,1798.0,1114.0,973.0,453.0,631.0,656.9,668.0,1132.0,461.0,722.0,746.0,1192.0,1009.0,461.0,1737.8,1414.0,732.0,690.0,367.0,1495.8,988.1,249.0,1805.8,1564.8,669.0,1450.4,1386.0,1979.2,1724.8,1063.0,764.0,1129.0,663.0,1067.0,945.0,1458.1,1299.0,1377.0,1337.0,467.0,552.0,1783.0,1205.0,847.0,977.0,793.0,871.0,789.0,575.0,681.0,1943.0,1271.0,1330.0,1107.0
Fort Wayne(Indiana),1480.0,1058.0,692.0,880.0,1198.0,1414.0,1413.0,1472.0,435.0,576.0,684.7,1152.0,566.0,0.0,665.0,400.0,1426.0,1586.0,276.0,1793.0,1276.3,1070.0,1290.0,367.0,1202.1,178.0,911.0,1150.0,881.0,647.0,202.0,852.0,1364.0,980.0,1673.0,267.0,110.0,1506.0,1336.7,1777.0,907.0,922.4,338.0,1281.0,969.0,1276.0,1154.5,1367.0,556.0,455.0,380.0,535.0,947.0,941.0,1604.0,1447.0,251.0,1028.0,1357.0,879.0,1634.5,1006.0,513.0,1454.0,1056.0,1583.0,306.0,1389.0,670.0,1631.0,722.0,1408.0,1138.0,2137.0,505.9,923.0,1133.0,383.0,1466.8,1419.0,934.0,801.0,1167.0,1113.0,902.0,1191.0,1039.0,144.0,471.0,1750.0,483.0,952.0,495.0,1004.0,1360.0,1807.0,887.0,996.0,1440.0,1459.0,1334.0,414.9,922.0,365.9,797.0,1842.0,214.0,254.0,782.0,195.0,1333.1,981.0,1154.0,1141.0,257.0,503.0,1438.0,1097.0,871.0,324.0,1389.0,508.0,659.0,1018.0,778.0,1546.0,1507.2,1075.0,1026.1,483.0,1111.3,285.0,383.0,1998.0,1126.0,1287.0,1472.0,1206.0,1433.0,1165.0,551.0,1530.0,328.0,1358.0,213.0,1183.4,1421.2,910.4,1469.0,474.0,1197.0,262.9,1234.0,878.0,1027.0,460.0,348.0,1213.0,1575.0,1027.0,1423.0,1157.0,551.0,1256.0,199.0,1236.8,1183.1,470.0,1441.0,1305.8,164.0,1191.4,988.0,1585.0,1440.6,1629.0,1330.0,920.0,861.0,1633.0,1511.0,1199.1,1042.0,1142.0,939.0,187.0,945.0,1385.0,1226.0,1208.0,1196.4,440.0,1437.0,407.9,420.0,1072.0,1560.2,1062.0,1121.0,898.0
Buffalo(New York),1977.0,1214.0,529.0,1377.0,533.0,749.0,748.0,807.0,592.0,480.0,19.7,592.0,1063.0,665.0,0.0,740.0,1923.0,921.0,800.0,1128.0,685.2,1486.0,625.0,660.0,611.0,843.0,246.0,1196.4,1378.0,1312.0,809.0,1349.0,1861.0,1477.0,1008.0,676.0,775.0,841.0,671.7,2145.0,651.2,759.4,1003.0,1778.0,574.0,611.0,633.8,1864.0,712.0,950.0,720.0,1061.0,784.0,932.8,2029.0,782.0,588.0,415.0,692.0,716.0,969.5,537.0,152.0,789.0,925.4,2080.0,362.4,724.0,1167.0,966.0,1219.0,1905.0,617.3,2472.0,1149.6,1038.8,468.0,380.0,807.7,754.0,628.0,638.0,626.0,1168.4,739.0,675.0,666.0,751.0,1073.0,2247.0,1148.0,1192.0,416.0,1501.0,1516.0,2240.0,1303.0,1661.0,775.0,794.0,1380.4,1058.6,800.8,1009.6,675.8,2276.0,693.0,547.0,1128.0,746.0,1404.4,1137.0,1819.0,476.0,594.0,974.0,773.0,631.0,708.0,953.0,724.0,854.0,435.0,1683.0,934.0,2043.0,842.2,843.5,1182.1,1148.0,645.3,921.0,880.0,2397.0,1623.0,1784.0,1692.0,1622.0,768.0,1662.0,358.0,865.0,727.0,693.0,856.7,1848.4,756.2,747.4,1625.0,756.0,1694.0,906.6,1731.0,611.0,1524.0,449.0,317.0,1055.5,2072.0,1524.0,758.0,642.0,543.0,1753.0,828.0,645.7,1301.4,849.0,776.0,714.7,501.0,603.0,323.0,920.0,775.6,1919.0,1827.0,736.2,1526.0,2130.0,2008.0,608.0,615.0,715.0,320.0,852.0,1169.0,720.0,1084.0,1364.0,1861.4,437.0,1853.0,1051.6,1085.0,1377.0,895.2,807.0,748.0,735.0
Florence(Kentucky),1237.0,780.0,631.0,637.0,1273.0,1474.8,1469.8,1518.6001,344.0,515.0,759.7,1091.0,323.0,400.0,740.0,0.0,1183.0,1661.0,626.0,1863.0,1215.3,746.0,1344.5,107.0,1141.1,239.0,986.0,954.0,638.0,602.0,481.0,609.0,1121.0,737.0,1748.0,521.0,290.0,1581.0,1297.8,1479.0,846.0,861.4,404.0,1038.0,908.0,1351.0,1093.5,1124.0,397.0,210.0,20.0,321.0,886.0,782.0,1289.0,1522.0,433.0,967.0,1432.0,818.0,1703.0,945.0,588.0,1529.0,897.0,1340.0,393.0,1464.0,427.0,1705.0,479.0,1165.0,1077.0,1829.0,733.9,764.0,1208.0,394.0,1405.8,1473.5,873.0,740.0,1106.0,917.0,841.0,1130.0,978.0,423.0,333.0,1507.0,549.0,558.0,434.0,761.0,987.0,1500.0,563.0,951.0,1486.8,1465.9,1138.0,642.9,861.0,593.9,736.0,1537.5,538.0,193.0,388.0,545.0,1101.0,785.0,1109.0,1216.0,439.0,819.0,1440.5,1036.0,810.0,326.0,1464.0,114.0,598.0,973.0,619.0,1303.0,1564.0,1014.0,830.1,549.0,1050.3,294.0,140.0,1696.0,883.0,1044.0,1148.0,882.0,1485.8,922.0,490.0,1605.0,572.0,1402.8,441.0,1138.4,1478.0,849.4,1105.0,315.0,954.0,490.9,991.0,817.0,784.0,399.0,423.0,1054.0,1332.0,784.0,1417.8,1096.0,460.0,1013.0,201.0,1175.8,987.1,109.0,1485.8,1244.8,346.0,1130.4,1063.0,1659.2,1404.8,1315.0,1087.0,859.0,816.0,1390.0,1268.0,1138.1,981.0,1081.0,1014.0,301.0,551.0,1460.0,1067.0,844.0,1151.4,470.0,1113.0,635.9,486.0,678.0,1623.0,1001.0,1060.0,837.0
El Dorado(Arkansas),108.0,1342.0,1761.0,708.0,2456.0,2636.5,2631.5,2680.3,1477.0,1645.0,1942.7,2261.4,860.0,1426.0,1923.0,1183.0,0.0,2822.8,1652.0,3024.7002,2377.0,945.0,2506.2,1290.0,2302.8,1265.0,2169.0,1583.0,553.0,1039.0,1507.0,857.0,1002.0,608.0,2911.8,1693.0,1316.0,2745.5,2459.5,1415.0,2021.4,1859.0,1348.0,307.0,2091.0,2534.0,2255.2,575.0,1395.0,976.0,1203.0,976.0,1938.4,1677.0,1242.0,2705.0,1616.0,2150.0,2615.0,1902.7,2864.7002,2125.0,1771.0,2706.5,1765.0,157.0,1576.0,2647.0,756.0,2866.7002,795.0,454.0,2248.4,1775.0,1755.0,1593.0,2391.0,1577.0,2567.5,2635.2002,2054.0,1870.0,2267.7,1567.0,1922.3,2255.4,2055.4,1449.0,1040.0,422.0,1315.0,1208.0,1617.0,422.0,1443.0,1445.0,960.0,690.0,2648.5,2627.6,1755.0,1664.0,1809.0,1619.9,1860.0,1480.0,1640.0,1376.0,1040.0,1571.0,1627.0,1435.0,532.0,2399.0,1622.0,1879.0,2602.2,2161.4,1914.3,1219.0,2647.0,1112.0,1781.0,946.0,1436.0,407.0,2725.7002,2075.4,1480.1,1203.0,2175.7,1231.0,1043.0,1636.0,396.0,240.0,1347.0,1081.0,2647.5,583.0,1673.0,2773.5,1754.0,2564.5,1467.0,509.0,2639.7002,1871.0,1414.0,1313.0,874.0,1516.9,192.0,1992.0,704.0,1582.0,1606.0,1901.0,149.0,445.0,2579.5,2221.4,1592.0,606.0,1227.0,2337.5,1562.0,1109.0,2647.5,2406.5,1529.0,2300.8,2246.0,2820.9001,2566.5,1267.0,907.0,1936.4,912.0,402.0,538.0,2303.6,2106.4,2184.4,2197.0,1327.0,1201.0,2643.0,1919.0,1291.0,496.0,1653.0,1121.0,1515.0,1305.0,1179.0,2784.7002,2053.4,2113.4,1883.4
Portland(Maine),2825.8,1591.8,1080.1,2225.8,406.30002,191.6,191.29999,168.5,1373.1,1196.1,917.0,572.1,1981.1,1586.0,921.0,1661.0,2822.8,0.0,1721.0,208.0,452.30002,1988.8,330.6,1581.0,520.0,1764.0,687.0,1400.8,2274.8,2233.0,1730.0,2131.8,2474.8,2325.8,89.0,1597.0,1696.0,132.2,363.30002,2514.8,861.1,963.80005,1924.0,2626.8,772.1,310.0,567.6,2626.8,1450.1,1871.0,1641.0,1982.0,938.4,1145.8,2404.8,139.0,1509.0,749.1,229.0,949.4,54.0,716.1,1073.0,141.0,1129.8,2979.8,1283.4,394.0,2069.8,57.5,2072.8,2667.8,584.1,2841.8,2070.6,1252.8,459.8,1301.0,308.0,228.0,824.1,971.1,555.1,1372.8,920.30005,636.6,767.4,1672.0,1994.0,3068.7998,2069.0,1644.8,1229.1,2400.8,1826.8,2610.8,1956.8,2582.0,228.0,283.1,1584.8,1979.6,1019.80005,1930.6,1008.89996,2645.8,1614.0,1468.0,1784.8,1667.0,1608.8,1474.8,2740.0,445.0,1515.0,1895.0,273.3,661.4,957.4,1874.0,389.0,1729.1,1063.1,2604.0,1386.8,2864.8,97.1,944.9,1440.8,2069.0,657.6,1842.0,1801.0,2766.8,2522.8,2683.8,2061.8,2124.8,206.6,2561.8,1171.1,56.0,1648.0,258.3,1777.7,2769.4,183.1,951.80005,1994.8,1528.1,2417.8,1827.6,2630.8,849.1,2247.8,1262.1,1238.0,1156.9,2971.8,2423.8,274.6,601.4,1259.1,2515.8,1749.0,485.30002,1505.8,1770.0,200.0,426.30002,1422.0,532.7,606.0,12.1,292.2,2288.8,2550.8,886.4,2447.0,2951.8,2770.8,525.1,716.4,764.6,677.0,1773.0,1621.8,325.0,1185.4,1741.8,2782.4,1358.0,2355.8,1972.6,2006.0,1754.8,38.1,908.4,849.4,939.4
Grand Rapids(Michigan),1706.0,1331.0,866.0,1106.0,1333.0,1549.0,1548.0,1607.0,708.0,806.0,819.7,1296.0,792.0,276.0,800.0,626.0,1652.0,1721.0,0.0,1928.0,1420.3,1296.0,1425.0,538.0,1346.1,406.0,1046.0,1423.0,1107.0,770.6,194.0,1078.0,1590.0,1206.0,1808.0,164.0,386.0,1641.0,1471.7,2003.0,1051.0,1096.4,506.6,1507.0,1113.0,1411.0,1298.5,1593.0,829.0,681.0,606.0,745.7,1121.0,1214.0,1830.0,1582.0,212.0,1166.0,1492.0,1053.0,1769.5,1150.0,648.0,1589.0,1262.4,1809.0,441.0,1524.0,896.0,1766.0,948.0,1634.0,1282.0,2363.0,534.6,1196.0,1268.0,518.0,1607.7,1554.0,1078.0,975.0,1311.0,1386.0,1076.0,1335.0,1213.0,203.0,681.7,1976.0,555.6,1178.0,677.0,1230.0,1607.0,2033.0,1113.0,1119.6,1575.0,1594.0,1607.0,443.6,1137.8,394.6,1012.8,2068.0,111.0,527.0,1008.0,81.0,1606.1,1254.0,1277.6,1276.0,252.0,228.0,1573.0,1241.0,1045.0,506.7,1524.0,734.0,803.0,1141.6,1051.0,1772.0,1642.2,1249.0,1299.1,606.6,1255.3,518.0,609.0,2224.0,1352.0,1513.0,1698.0,1432.0,1568.0,1391.0,695.0,1665.0,184.0,1493.0,241.7,1307.0,1556.2,1084.4,1725.0,747.0,1423.0,291.6,1460.0,1022.0,1253.0,725.7,483.0,1411.4,1801.0,1253.0,1558.0,1301.0,824.0,1482.0,425.0,1380.8,1456.1,696.0,1576.0,1449.8,299.0,1335.4,1123.0,1720.0,1575.6,1855.0,1556.0,1094.0,984.6,1859.0,1737.0,1343.1,1186.0,1286.0,1074.0,377.0,1171.0,1520.0,1424.4,1464.0,1320.0,575.0,1663.0,436.6,525.6,1298.0,1695.2,1236.0,1295.0,1072.0
Bangor(Maine),3027.7002,1793.7001,1282.0,2427.7002,608.2,393.5,393.2,373.0,1575.0,1398.0,1124.0,774.0,2183.0,1793.0,1128.0,1863.0,3024.7002,208.0,1928.0,0.0,654.2,2190.7002,532.5,1783.0,721.9,1971.0,894.0,1602.7001,2476.7002,2440.0,1937.0,2333.7002,2676.7002,2527.7002,123.0,1804.0,1903.0,334.1,565.2,2716.7002,1063.0,1165.7001,2131.0,2828.7002,974.0,517.0,769.5,2828.7002,1652.0,2073.0,1843.0,2184.0,1140.3,1347.7001,2606.7002,346.0,1716.0,951.0,436.0,1151.3,170.5,918.0,1280.0,348.0,1331.7001,3181.7002,1490.4,601.0,2271.7002,167.0,2274.7002,2869.7002,786.0,3043.7002,2277.6,1454.7001,666.8,1508.0,509.9,435.0,1026.0,1173.0,757.0,1574.7001,1122.2001,838.5,969.30005,1879.0,2196.0,3270.7,2276.0,1846.7001,1431.0,2602.7002,2028.7001,2812.7002,2158.7002,2789.0,429.9,485.0,1786.7001,2186.6,1221.7001,2137.6,1210.8,2847.7002,1821.0,1670.0,1986.7001,1874.0,1810.7001,1676.7001,2947.0,652.0,1722.0,2102.0,475.2,863.30005,1159.3,2076.0,596.0,1931.0,1265.0,2811.0,1588.7001,3066.7002,299.0,1146.8,1642.7001,2276.0,859.5,2044.0,2003.0,2968.7002,2724.7002,2885.7002,2263.7002,2326.7002,408.5,2763.7002,1373.0,263.0,1855.0,460.2,1984.7,2976.4,385.0,1153.7001,2196.7002,1730.0,2619.7002,2034.6,2832.7002,1051.0,2449.7002,1464.0,1445.0,1358.8,3173.7002,2625.7002,476.5,803.30005,1461.0,2717.7002,1951.0,687.2,1707.7001,1972.0,402.0,628.2,1629.0,734.6,813.0,214.0,494.1,2490.7002,2752.7002,1088.3,2654.0,3153.7002,2972.7002,727.0,918.30005,966.5,884.0,1980.0,1823.7001,532.0,1387.3,1943.7001,2989.4,1565.0,2557.7002,2179.6,2213.0,1956.7001,240.0,1110.3,1051.3,1141.3
Bridgeport(Connecticut),2380.0,1146.0,634.3,1780.0,227.7,266.0,261.0,309.8,927.3,750.3,703.2,126.3,1535.3,1276.3,685.2,1215.3,2377.0,452.30002,1420.3,654.2,0.0,1543.0,135.7,1135.3,74.2,1341.3,484.2,955.0,1829.0,1815.3,1429.3,1686.0,2029.0,1880.0,541.3,1296.3,1386.3,375.0,89.0,2069.0,415.3,518.0,1506.3,2181.0,326.3,351.7,121.8,2181.0,1004.3,1425.3,1195.3,1536.3,492.6,700.0,1959.0,378.0,1208.3,303.3,363.7,503.6,494.2,270.3,791.2,336.0,684.0,2534.0,984.7,464.7,1624.0,496.2,1627.0,2222.0,138.3,2396.0,1769.9,807.0,292.7,902.3,196.2,264.7,378.3,525.3,109.3,927.0,474.5,190.8,321.6,1371.3,1548.3,2623.0,1651.3,1199.0,783.3,1955.0,1381.0,2165.0,1511.0,2164.3,278.0,256.3,1139.0,1678.9,574.0,1629.9,563.1,2200.0,1313.3,1022.3,1339.0,1366.3,1163.0,1029.0,2322.3,307.5,1214.3,1594.3,230.9,215.6,511.6,1428.3,464.7,1283.3,617.3,2186.3,941.0,2419.0,355.2,499.1,995.0,1651.3,211.8,1396.3,1355.3,2321.0,2077.0,2238.0,1616.0,1679.0,277.0,2116.0,725.3,403.0,1347.3,194.0,1477.0,2351.7002,269.2,506.0,1549.0,1082.3,1972.0,1526.9,2185.0,403.3,1802.0,816.3,939.3,711.1,2526.0,1978.0,209.0,155.6,813.3,2070.0,1303.3,39.5,1060.0,1324.3,277.0,35.2,1121.3,86.9,438.9,450.40002,195.2,1843.0,2105.0,440.6,2029.3,2506.0,2325.0,79.3,270.6,318.8,365.2,1403.3,1176.0,459.7,739.6,1296.0,2364.7002,981.3,1910.0,1671.9,1588.3,1309.0,414.2,462.6,403.6,493.6
Atlanta(Georgia),837.0,397.0,1245.8,237.0,1761.8,1802.5,1797.5,1846.3,997.0,1153.0,1505.7,1427.4,504.0,1070.0,1486.0,746.0,945.0,1988.8,1296.0,2190.7002,1543.0,0.0,1672.2,853.0,1468.8,909.0,1637.6001,638.0,603.0,953.0,1151.0,358.0,486.0,337.0,2077.8,1267.0,960.0,1911.5,1625.5,733.0,1187.4,1025.0,997.0,638.0,1279.4,1842.8,1421.2,638.0,899.0,620.0,766.0,620.0,1104.4,848.0,543.0,1914.5,1179.0,1423.6001,1900.2001,1068.7,2030.7001,1332.4,1334.0,1872.5,870.0,998.0,1139.0,1955.8,400.0,2032.7001,355.0,679.0,1414.4,1083.0,1403.9,736.0,1696.8,1140.0,1733.5,1801.2001,1229.5,1136.8,1433.7,627.0,1088.3,1421.4,1221.4,1093.0,684.0,1080.0,1142.0,431.0,1180.0,721.0,498.0,754.0,183.0,1191.0,1814.5,1793.6001,810.0,1312.9,974.0,1263.9,1099.0,791.5,1284.0,939.0,358.0,1215.0,682.0,527.0,1296.0,1707.8,1185.0,1523.0,1768.2,1327.4,1080.3,863.0,1955.8,632.0,1339.0,1324.0,677.0,876.0,1891.7001,1241.0,548.0,1117.0,1341.7,875.0,687.0,950.0,843.0,1004.0,402.0,136.0,1813.5,882.0,1231.0,1939.5,1318.0,1730.5,1111.0,1273.0,1805.7001,1037.0,469.0,833.0,429.0,1160.9,951.0,1227.6,259.0,1140.0,1169.0,1029.0,992.0,744.0,1745.5,1387.4,1102.0,527.0,871.0,1503.5,617.0,679.0,1813.5,1572.5,1092.0,1466.8,1678.6001,1986.9001,1732.5,569.0,562.0,1102.4,1167.0,963.0,782.0,1469.6001,1272.4,1350.4,1518.6001,971.0,468.7,1951.8,1042.0,346.0,1260.0,1216.0,367.0,1293.0,1079.0,234.0,1950.7001,1219.4,1279.4,1049.4
Springfield(Massachusetts),2509.2,1275.2,763.5,1909.2,92.0,139.0,142.0,198.8,1056.5,879.5,623.0,255.5,1664.5,1290.0,625.0,1344.5,2506.2,330.6,1425.0,532.5,135.7,1672.2,0.0,1264.5,203.4,1468.0,393.0,1084.2,1958.2,1937.0,1434.0,1815.2,2158.2,2009.2,419.6,1301.0,1400.0,264.0,46.7,2198.2,544.5,647.2,1628.0,2310.2,455.5,216.0,251.0,2310.2,1133.5,1554.5,1324.5,1665.5,621.8,829.19995,2088.2,258.0,1213.0,432.5,228.0,632.8,372.5,399.5,777.0,216.0,813.19995,2663.2,987.4,329.0,1753.2,374.5,1756.2,2351.2,267.5,2525.2,1774.6,936.19995,157.0,1005.0,194.7,129.0,507.5,654.5,238.5,1056.2,603.69995,320.0,450.8,1376.0,1677.5,2752.2,1773.0,1328.2,912.5,2084.2,1510.2,2294.2,1640.2,2286.0,166.0,182.0,1268.2,1683.6,703.2,1634.6,692.3,2329.2,1318.0,1151.5,1468.2,1371.0,1292.2,1158.2,2444.0,171.8,1219.0,1599.0,160.0,344.8,640.8,1557.5,329.0,1412.5,746.5,2308.0,1070.2,2548.2,233.5,628.3,1124.2,1773.0,341.0,1525.5,1484.5,2450.2,2206.2,2367.2,1745.2,1808.2,158.0,2245.2,854.5,281.3,1352.0,83.0,1481.7,2473.4,147.5,635.2,1678.2,1211.5,2101.2,1531.6,2314.2,532.5,1931.2,945.5,942.0,840.3,2655.2,2107.2,148.0,284.8,942.5,2199.2,1432.5,168.7,1189.2,1453.5,166.0,109.7,1126.0,216.1,312.0,328.7,165.6,1972.2,2234.2,569.8,2151.0,2635.2,2454.2,208.5,399.8,448.0,383.0,1477.0,1305.2,324.0,868.8,1425.2,2486.4,1062.0,2039.2,1676.6,1710.0,1438.2,292.5,591.8,532.8,622.8
Dayton(Ohio),1344.0,887.0,551.0,744.0,1193.0,1394.8,1389.8,1438.6001,294.0,435.0,679.7,1011.0,430.0,367.0,660.0,107.0,1290.0,1581.0,538.0,1783.0,1135.3,853.0,1264.5,0.0,1061.1,227.0,906.0,1009.0,745.0,701.0,469.0,716.0,1228.0,844.0,1668.0,414.0,278.0,1501.0,1217.8,1586.0,766.0,781.4,392.0,1145.0,828.0,1271.0,1013.5,1231.0,415.0,317.0,87.0,428.0,806.0,800.0,1396.0,1442.0,326.0,887.0,1352.0,738.0,1623.0,865.0,508.0,1449.0,915.0,1447.0,313.0,1384.0,534.0,1625.0,586.0,1272.0,997.0,1936.0,721.9,782.0,1128.0,312.0,1325.8,1393.5,793.0,660.0,1026.0,972.0,761.0,1050.0,898.0,411.0,440.0,1614.0,537.0,665.0,354.0,868.0,1094.0,1607.0,670.0,1050.0,1406.8,1385.9,1193.0,630.9,781.0,581.9,656.0,1644.5,431.0,113.0,495.0,484.0,1192.1,840.0,1208.0,1136.0,332.0,712.0,1360.5,956.0,730.0,314.0,1384.0,221.0,518.0,1072.0,637.0,1410.0,1484.0,934.0,885.1,537.0,970.3,282.0,247.0,1803.0,990.0,1151.0,1255.0,989.0,1405.8,1029.0,410.0,1525.0,465.0,1322.8,429.0,1237.4,1398.0,769.4,1212.0,333.0,1061.0,478.9,1098.0,737.0,891.0,319.0,343.0,1072.0,1439.0,891.0,1337.8,1016.0,410.0,1120.0,189.0,1095.8,1042.1,216.0,1405.8,1164.8,239.0,1050.4,983.0,1579.2,1324.8,1422.0,1194.0,779.0,915.0,1497.0,1375.0,1058.1,901.0,1001.0,934.0,289.0,658.0,1380.0,1085.0,951.0,1250.4,389.0,1220.0,623.9,474.0,785.0,1543.0,921.0,980.0,757.0
New Rochelle(New York),2305.8,1071.8,560.1,1705.8,295.40002,333.7,328.7,377.5,853.1,676.1,629.0,52.100002,1461.1,1202.1,611.0,1141.1,2302.8,520.0,1346.1,721.9,74.2,1468.8,203.4,1061.1,0.0,1267.1,410.0,880.8,1754.8,1741.1,1355.1,1611.8,1954.8,1805.8,609.0,1222.1,1312.1,442.7,156.7,1994.8,341.1,443.8,1432.1,2106.8,252.1,377.0,47.6,2106.8,930.1,1351.1,1121.1,1462.1,418.4,625.8,1884.8,445.7,1134.1,229.09999,431.40002,429.4,561.9,196.1,717.0,403.7,609.8,2459.8,910.5,490.0,1549.8,563.9,1552.8,2147.8,64.1,2321.8,1695.7,732.8,242.7,828.1,264.7,332.40002,304.1,451.1,35.1,852.8,400.3,116.6,247.4,1297.1,1474.1,2548.7998,1577.1,1124.8,709.1,1880.8,1306.8,2090.8,1436.8,2090.1,345.7,324.8,1064.8,1604.7,499.8,1555.7,488.90002,2125.8,1239.1,948.1,1264.8,1292.1,1088.8,954.80005,2248.1,242.0,1140.1,1520.1,299.4,141.4,437.4,1354.1,490.0,1209.1,543.1,2112.1,866.8,2344.8,422.90002,424.9,920.8,1577.1,137.6,1322.1,1281.1,2246.8,2002.8,2163.8,1541.8,1604.8,344.7,2041.8,651.1,470.7,1273.1,261.7,1402.8,2277.5,336.90002,431.8,1474.8,1008.1,1897.8,1452.7,2110.8,329.1,1727.8,742.1,865.1,636.9,2451.8,1903.8,276.7,81.399994,739.1,1995.8,1229.1,34.7,985.80005,1250.1,344.7,103.7,1047.1,12.7,364.7,518.10004,263.7,1768.8,2030.8,366.4,1955.1,2431.8,2250.8,5.1,196.4,244.6,291.0,1329.1,1101.8,486.0,665.4,1221.8,2290.5,907.1,1835.8,1597.7,1514.1,1234.8,481.90002,388.4,329.4,419.4
Carmel(Indiana),1319.0,1013.0,757.0,719.0,1376.0,1592.0,1591.0,1644.6001,500.0,641.0,862.7,1217.0,405.0,178.0,843.0,239.0,1265.0,1764.0,406.0,1971.0,1341.3,909.0,1468.0,227.0,1267.1,0.0,1089.0,1187.0,720.0,550.0,261.0,691.0,1203.0,819.0,1851.0,445.0,76.0,1684.0,1423.8,1616.0,972.0,987.4,241.0,1120.0,1034.0,1454.0,1219.5,1206.0,621.0,294.0,219.0,374.0,1012.0,1006.0,1443.0,1625.0,429.0,1093.0,1535.0,944.0,1812.5,1071.0,691.0,1632.0,1121.0,1422.0,484.0,1567.0,509.0,1809.0,561.0,1247.0,1203.0,1976.0,536.9,988.0,1311.0,521.0,1531.8,1597.0,999.0,866.0,1232.0,1150.0,967.0,1256.0,1104.0,203.0,310.0,1589.0,386.0,791.0,560.0,843.0,1220.0,1646.0,726.0,899.0,1612.8,1591.9,1371.0,445.9,987.0,396.9,862.0,1681.0,392.0,319.0,621.0,325.0,1334.0,1018.0,1057.0,1319.0,435.0,633.0,1566.5,1162.0,936.0,163.0,1567.0,347.0,724.0,921.0,843.0,1385.0,1685.2,1140.0,1063.1,386.0,1176.3,119.0,222.0,1837.0,965.0,1126.0,1311.0,1045.0,1611.0,1004.0,616.0,1708.0,506.0,1528.8,244.0,1086.4,1599.2,975.4,1338.0,539.0,1036.0,293.9,1073.0,943.0,866.0,525.0,526.0,1278.0,1414.0,866.0,1543.8,1222.0,616.0,1095.0,38.0,1301.8,1220.1,309.0,1611.8,1370.8,342.0,1256.4,1166.0,1763.0,1530.8,1468.0,1169.0,985.0,764.0,1472.0,1350.0,1264.1,1107.0,1207.0,1117.0,100.0,784.0,1563.0,1291.0,1077.0,1099.4,597.0,1276.0,438.9,323.0,911.0,1738.2,1127.0,1186.0,963.0
